0    0    0    0
1    0    0    0
2    0    0    0
3    0    0    0
4    0    0    0
5    0    0    0
6    0    0    0
7    0    0    0
8    0    0    0
9    0    0    0
10    0    0    0
11    0    0    0
12    0    0    0
13    0    0    0
14    0    0    0
15    0    0    0
16    0    0    0
17    0    0    0
18    0    0    0
19    0    0    0
20    0    0    0
21    0    0    0
22    0    0    0
23    0    0    0
24    0    0    0
25    0    0    0
26    0    0    0
27    0    0    0
28    0    0    0
29    0    0    0
30    0    0    0
31    0    0    0
32    0    0    0
33    0    0    0
34    0    0    0
35    0    0    0
36    0    0    0
37    0    0    0
38    0    0    0
39    0    0    0
40    0    0    0
41    0    0    0
42    0    0    0
43    0    0    0
44    0    0    0
45    0    0    0
46    0    0    0
47    0    0    0
48    0    0    0
49    0    0    0
50    0    0    0
51    0    0    0
52    0    0    0
53    0    0    0
54    0    0    0
55    0    0    0
56    0    0    0
57    0    0    0
58    0    0    0
59    0    0    0
60    0    0    0
61    0    0    0
62    0    0    0
63    0    0    0
64    0    0    0
65    0    0    0
66    0    0    0
67    0    0    0
68    0    0    0
69    0    0    0
70    0    0    0
71    0    0    0
72    0    0    0
73    0    0    0
74    0    0    0
75    0    0    0
76    0    0    0
77    0    0    0
78    0    0    0
79    0    0    0
80    0    0    0
81    0    0    0
82    0    0    0
83    0    0    0
84    0    0    0
85    0    0    0
86    0    0    0
87    0    0    0
88    0    0    0
89    0    0    0
90    0    0    0
91    0    0    0
92    0    0    0
93    0    0    0
94    0    0    0
95    0    0    0
96    0    0    0
97    0    0    0
98    0    0    0
99    0    0    0
100    0    0    0
101    0    0    0
102    0    0    0
103    0    0    0
104    0    0    0
105    0    0    0
106    0    0    0
107    0    0    0
108    0    0    0
109    0    0    0
110    0    0    0
111    0    0    0
112    0    0    0
113    0    0    0
114    0    0    0
115    0    0    0
116    0    0    0
117    0    0    0
118    0    0    0
119    0    0    0
120    0    0    0
121    0    0    0
122    0    0    0
123    0    0    0
124    0    0    0
125    0    0    0
126    0    0    0
127    0    0    0
128    0    0    0
129    0    0    0
130    0    0    0
131    0    0    0
132    0    0    0
133    0    0    0
134    0    0    0
135    0    0    0
136    0    0    0
137    0    0    0
138    0    0    0
139    0    0    0
140    0    0    0
141    0    0    0
142    0    0    0
143    0    0    0
144    0    0    0
145    0    0    0
146    0    0    0
147    0    0    0
148    0    0    0
149    0    0    0
150    0    0    0
151    0    0    0
152    0    0    0
153    0    0    0
154    0    0    0
155    0    0    0
156    0    0    0
157    0    0    0
158    0    0    0
159    0    0    0
160    0    0    0
161    0    0    0
162    0    0    0
163    0    0    0
164    0    0    0
165    0    0    0
166    0    0    0
167    0    0    0
168    0    0    0
169    0    0    0
170    0    0    0
171    0    0    0
172    0    0    0
173    0    0    0
174    0    0    0
175    0    0    0
176    0    0    0
177    0    0    0
178    0    0    0
179    0    0    0
180    0    0    0
181    0    0    0
182    0    0    0
183    0    0    0
184    0    0    0
185    0    0    0
186    0    0    0
187    0    0    0
188    0    0    0
189    0    0    0
190    0    0    0
191    0    0    0
192    0    0    0
193    0    0    0
194    0    0    0
195    0    0    0
196    0    0    0
197    0    0    0
198    0    0    0
199    0    0    0
200    0    0    0
201    0    0    0
202    0    0    0
203    0    0    0
204    0    0    0
205    0    0    0
206    0    0    0
207    0    0    0
208    0    0    0
209    0    0    0
210    0    0    0
211    0    0    0
212    0    0    0
213    0    0    0
214    0    0    0
215    0    0    0
216    0    0    0
217    0    0    0
218    0    0    0
219    0    0    0
220    0    0    0
221    0    0    0
222    0    0    0
223    0    0    0
224    0    0    0
225    0    0    0
226    0    0    0
227    0    0    0
228    0    0    0
229    0    0    0
230    0    0    0
231    0    0    0
232    0    0    0
233    0    0    0
234    0    0    0
235    0    0    0
236    0    0    0
237    0    0    0
238    0    0    0
239    0    0    0
240    0    0    0
241    0    0    0
242    0    0    0
243    0    0    0
244    0    0    0
245    0    0    0
246    0    0    0
247    0    0    0
248    0    0    0
249    0    0    0
250    0    0    0
251    0    0    0
252    0    0    0
253    0    0    0
254    0    0    0
255    0    0    0
256    0    0    0
257    0    0    0
258    0    0    0
259    0    0    0
260    0    0    0
261    0    0    0
262    0    0    0
263    0    0    0
264    0    0    0
265    0    0    0
266    0    0    0
267    0    0    0
268    0    0    0
269    0    0    0
270    0    0    0
271    0    0    0
272    0    0    0
273    0    0    0
274    0    0    0
275    0    0    0
276    0    0    0
277    0    0    0
278    0    0    0
279    0    0    0
280    0    0    0
281    0    0    0
282    0    0    0
283    0    0    0
284    0    0    0
285    0    0    0
286    0    0    0
287    0    0    0
288    0    0    0
289    0    0    0
290    0    0    0
291    0    0    0
292    0    0    0
293    0    0    0
294    0    0    0
295    0    0    0
296    0    0    0
297    0    0    0
298    0    0    0
299    0    0    0
300    0    0    0
301    0    0    0
302    0    0    0
303    0    0    0
304    0    0    0
305    0    0    0
306    0    0    0
307    0    0    0
308    0    0    0
309    0    0    0
310    0    0    0
311    0    0    0
312    0    0    0
313    0    0    0
314    0    0    0
315    0    0    0
316    0    0    0
317    0    0    0
318    0    0    0
319    0    0    1
320    0    0    0
321    0    0    0
322    0    0    0
323    0    0    0
324    0    0    0
325    0    0    0
326    0    0    0
327    0    0    0
328    0    0    0
329    0    0    0
330    0    0    0
331    0    0    0
332    0    0    0
333    0    0    0
334    0    0    0
335    0    0    0
336    0    0    0
337    0    0    0
338    0    0    0
339    0    0    0
340    0    0    0
341    0    0    0
342    0    0    0
343    0    0    0
344    0    0    0
345    0    0    0
346    0    0    0
347    0    0    0
348    0    0    0
349    0    0    0
350    0    0    0
351    0    0    1
352    0    0    0
353    0    0    0
354    0    0    0
355    0    0    0
356    0    0    0
357    0    0    0
358    0    0    0
359    0    0    0
360    0    0    0
361    0    0    0
362    0    0    1
363    0    0    1
364    0    0    0
365    0    0    4
366    0    0   15
367    0    0   23
368    0    0   34
369    0    0   34
370    0    0   37
371    0    0   32
372    0    0   27
373    0    0   25
374    0    0   36
375    0    0   33
376    0    0   29
377    0    0   27
378    0    0   36
379    0    0   25
380    0    0   32
381    0    0   24
382    0    0   31
383    0    0   51
384    0    0   29
385    0    0   33
386    0    0   30
387    0    0   34
388    0    0   26
389    0    0   37
390    0    0   23
391    0    0   35
392    0    0   28
393    0    0   31
394    0    0   30
395    0    1   31
396    0    1   24
397    0    5   42
398    0    8   46
399    0   23   46
400    0   21   44
401    0   36   44
402    4   38   58
403    6   36   52
404   23   27   51
405   30   35   48
406   34   24   56
407   35   39   49
408   38   33   64
409   27   29   56
410   32   45   69
411   44   40   73
412   39   42   60
413   35   36   63
414   28   34   54
415   33   44   74
416   30   27   56
417   33   43   72
418   36   27   68
419   30   40   55
420   45   27   66
421   29   34   63
422   47   41   61
423   45   34   55
424   33   36   52
425   44   36   47
426   31   33   52
427   36   47   43
428   39   37   43
429   27   40   48
430   30   40   38
431   48   49   40
432   31   42   31
433   43   40   45
434   39   54   35
435   43   42   40
436   39   68   31
437   52   75   43
438   54   75   32
439   65   59   38
440   56   56   20
441   51   67   32
442   66   63   26
443   79   66   32
444   69   65   31
445   72   54   37
446   58   57   27
447   81   79   42
448   43   46   17
449   84   73   30
450   61   69   28
451   85   65   37
452   65   61   30
453   75   71   33
454   74   50   30
455   67   47   37
456   61   54   36
457   63   49   39
458   50   44   32
459   49   42   35
460   41   49   35
461   46   39   35
462   63   37   42
463   43   38   38
464   33   28   24
465   34   34   31
466   34   24   43
467   40   35   36
468   49   26   43
469   28   22   22
470   36   27   29
471   30   33   27
472   28   27   33
473   36   34   32
474   40   31   33
475   35   30   26
476   36   31   35
477   22   27   38
478   34   33   37
479   33   34   36
480   31   28   29
481   43   34   41
482   25   37   21
483   43   30   28
484   36   40   28
485   36   31   35
486   28   34   29
487   41   31   32
488   41   29   32
489   35   34   32
490   40   22   28
491   30   35   28
492   21   26   39
493   36   43   40
494   35   31   28
495   39   42   36
496   35   25   37
497   25   39   34
498   39   32   27
499   31   39   32
500   29   38   28
501   38   38   37
502   39   33   27
503   31   32   34
504   31   30   34
505   42   29   28
506   32   32   32
507   40   31   38
508   34   36   41
509   40   31   31
510   31   27   36
511   49   37   38
512   34   29   31
513   36   24   25
514   32   36   21
515   37   42   44
516   41   27   29
517   40   29   38
518   22   37   32
519   31   40   31
520   36   35   30
521   37   36   38
522   31   32   33
523   30   39   43
524   29   28   30
525   41   37   35
526   30   44   30
527   44   32   40
528   41   30   37
529   29   32   30
530   28   47   28
531   29   37   26
532   27   29   30
533   32   23   34
534   39   33   34
535   42   33   36
536   33   31   35
537   35   29   34
538   27   34   28
539   28   32   35
540   32   44   29
541   44   28   30
542   35   43   40
543   48   41   40
544   28   27   27
545   37   23   38
546   33   21   39
547   39   34   25
548   31   30   42
549   31   39   18
550   28   27   32
551   30   41   41
552   36   25   30
553   34   29   33
554   36   31   35
555   39   38   34
556   37   35   25
557   41   38   37
558   28   31   30
559   37   43   33
560   32   30   27
561   27   32   25
562   33   25   34
563   29   34   23
564   35   29   35
565   27   30   29
566   30   33   37
567   35   25   24
568   28   32   25
569   43   33   28
570   27   28   35
571   23   30   37
572   39   29   31
573   27   25   37
574   39   35   26
575   35   36   37
576   34   30   17
577   35   21   34
578   26   31   35
579   35   37   43
580   26   28   35
581   28   38   36
582   35   35   25
583   44   31   32
584   34   29   27
585   36   35   47
586   32   34   30
587   31   48   44
588   26   27   26
589   37   29   37
590   35   37   29
591   57   50   38
592   30   18   37
593   31   43   22
594   30   29   42
595   30   25   31
596   30   32   31
597   33   27   29
598   38   44   33
599   40   37   33
600   32   29   40
601   38   33   25
602   37   36   38
603   31   27   29
604   28   28   30
605   27   24   28
606   38   43   45
607   42   40   38
608   24   27   22
609   29   45   39
610   34   33   36
611   35   31   34
612   38   33   39
613   39   26   36
614   35   36   37
615   35   34   27
616   33   33   20
617   48   41   24
618   31   23   36
619   44   35   35
620   25   30   38
621   36   38   39
622   38   25   26
623   41   34   34
624   38   25   31
625   33   26   38
626   33   32   33
627   33   33   32
628   34   30   38
629   44   37   42
630   43   31   36
631   37   27   25
632   31   41   27
633   38   45   38
634   32   34   37
635   33   38   47
636   39   29   36
637   25   35   31
638   38   32   29
639   36   43   51
640   27   28   30
641   32   37   29
642   38   30   32
643   34   39   36
644   34   37   32
645   33   28   26
646   38   30   33
647   39   54   54
648   29   30   29
649   37   39   29
650   31   18   30
651   34   40   28
652   45   35   24
653   36   35   31
654   39   33   30
655   42   32   37
656   30   27   31
657   20   32   35
658   35   38   35
659   35   30   27
660   40   30   27
661   30   36   37
662   32   30   27
663   28   36   31
664   35   28   30
665   37   36   35
666   37   41   36
667   37   30   36
668   39   31   32
669   37   27   33
670   31   39   24
671   46   41   50
672   27   28   31
673   31   46   35
674   35   40   44
675   33   29   24
676   47   21   37
677   49   37   23
678   21   28   40
679   37   33   39
680   33   38   29
681   49   33   26
682   35   26   28
683   36   34   28
684   31   34   30
685   41   34   32
686   29   28   33
687   44   39   37
688   45   38   35
689   31   40   36
690   21   32   38
691   27   34   38
692   38   32   33
693   35   28   38
694   26   28   25
695   33   50   34
696   39   37   41
697   31   30   40
698   40   28   28
699   31   45   34
700   28   34   31
701   35   37   35
702   35   35   33
703   33   47   34
704   31   18   30
705   41   38   31
706   35   30   36
707   41   44   37
708   33   42   37
709   38   30   26
710   32   26   42
711   35   26   21
712   35   24   23
713   34   41   37
714   37   23   30
715   30   33   41
716   36   36   33
717   39   34   37
718   31   35   31
719   25   34   35
720   31   24   35
721   35   31   31
722   35   41   35
723   36   25   36
724   33   29   33
725   39   37   36
726   46   27   39
727   34   39   29
728   32   35   30
729   41   34   23
730   35   27   26
731   31   43   41
732   32   38   32
733   32   33   29
734   30   29   31
735   60   55   51
736   28   20   27
737   34   32   29
738   43   30   37
739   33   32   28
740   28   23   29
741   42   39   38
742   29   26   30
743   39   31   41
744   25   34   34
745   27   42   42
746   36   24   35
747   29   39   38
748   31   39   26
749   42   32   25
750   29   31   27
751   39   42   37
752   40   40   35
753   25   30   36
754   46   31   28
755   27   34   34
756   32   35   42
757   37   42   38
758   40   35   44
759   42   28   32
760   27   35   33
761   36   35   33
762   42   29   32
763   40   43   37
764   31   33   31
765   26   27   29
766   27   36   34
767   56   55   34
768   25   18   25
769   36   25   32
770   40   34   31
771   39   35   36
772   34   28   45
773   33   34   34
774   30   35   26
775   38   38   31
776   28   35   28
777   40   29   36
778   32   28   20
779   37   43   32
780   36   31   49
781   47   32   27
782   28   34   30
783   40   41   45
784   22   30   24
785   40   42   26
786   38   33   33
787   33   30   38
788   29   29   35
789   35   28   42
790   40   34   38
791   48   43   40
792   38   25   42
793   39   33   32
794   30   41   27
795   33   28   21
796   31   30   27
797   35   24   35
798   39   44   26
799   34   36   41
800   26   30   27
801   35   37   32
802   29   36   36
803   29   23   36
804   39   43   37
805   38   36   29
806   44   37   44
807   33   23   40
808   22   28   22
809   36   41   40
810   31   27   27
811   36   27   35
812   23   39   23
813   36   37   35
814   27   33   37
815   50   47   43
816   37   33   26
817   31   30   30
818   26   40   38
819   21   34   34
820   35   30   32
821   35   25   26
822   34   41   34
823   45   20   37
824   30   24   20
825   34   28   29
826   29   25   33
827   20   23   23
828   34   25   37
829   34   29   26
830   20   34   33
831   17   30   22
832   42   27   26
833   29   33   24
834   33   38   40
835   35   25   27
836   35   26   28
837   36   33   33
838   50   37   30
839   24   29   27
840   38   23   32
841   43   35   35
842   32   40   29
843   37   45   39
844   34   25   38
845   34   30   39
846   23   26   28
847   46   44   31
848   33   30   33
849   31   38   34
850   36   33   37
851   33   42   38
852   34   29   37
853   39   31   32
854   38   48   35
855   39   24   29
856   20   21   34
857   41   31   32
858   27   30   28
859   44   32   29
860   28   25   26
861   33   40   31
862   33   36   40
863   36   43   36
864   24   30   37
865   39   29   27
866   32   42   28
867   33   38   38
868   36   40   24
869   37   31   40
870   33   27   34
871   35   29   36
872   27   33   36
873   43   45   36
874   31   24   38
875   39   33   27
876   37   35   32
877   32   36   43
878   34   37   31
879   33   37   28
880   29   29   34
881   40   26   45
882   44   36   34
883   25   35   30
884   42   33   30
885   28   26   28
886   39   31   27
887   32   26   31
888   30   35   27
889   33   40   35
890   30   30   44
891   31   30   26
892   36   30   30
893   31   39   40
894   36   33   36
895   51   27   47
896   25   32   25
897   33   29   29
898   30   29   32
899   33   37   37
900   43   32   24
901   38   40   30
902   35   36   31
903   33   31   38
904   33   32   29
905   41   28   29
906   35   43   32
907   31   36   46
908   36   33   28
909   31   38   31
910   40   32   25
911   41   43   43
912   34   30   40
913   24   26   23
914   48   28   37
915   21   27   35
916   29   34   29
917   27   27   35
918   38   42   29
919   41   34   34
920   30   29   20
921   36   28   31
922   34   30   44
923   36   36   45
924   34   29   44
925   40   38   34
926   38   32   33
927   26   38   29
928   37   31   18
929   41   43   38
930   25   35   30
931   28   25   29
932   35   42   33
933   37   34   33
934   36   27   29
935   35   36   34
936   32   35   26
937   35   37   41
938   29   35   24
939   40   38   40
940   29   35   38
941   45   30   46
942   31   24   25
943   37   31   38
944   29   33   35
945   26   25   19
946   34   33   33
947   25   29   33
948   34   44   36
949   32   36   20
950   45   42   40
951   50   42   40
952   31   21   33
953   38   34   33
954   34   40   33
955   26   33   35
956   38   35   32
957   35   23   37
958   32   33   33
959   42   40   38
960   26   30   33
961   30   33   37
962   41   33   32
963   37   34   28
964   35   34   31
965   34   33   39
966   32   30   24
967   37   30   39
968   34   33   31
969   35   32   27
970   35   31   28
971   30   27   39
972   26   28   36
973   46   46   42
974   29   33   31
975   33   26   34
976   31   28   26
977   32   41   26
978   42   33   34
979   31   34   25
980   36   46   32
981   29   33   40
982   46   38   34
983   37   32   27
984   31   30   31
985   41   27   28
986   28   29   42
987   41   38   39
988   23   32   43
989   41   31   31
990   34   35   32
991   34   32   45
992   29   31   26
993   38   33   43
994   30   29   25
995   33   34   32
996   32   37   32
997   41   44   35
998   37   36   32
999   30   35   33
1000   39   17   34
1001   37   35   45
1002   22   30   20
1003   24   32   33
1004   26   28   37
1005   44   41   43
1006   33   25   20
1007   39   41   35
1008   37   34   32
1009   32   32   34
1010   35   35   34
1011   37   26   32
1012   41   42   33
1013   32   36   33
1014   44   35   33
1015   28   28   37
1016   41   38   36
1017   37   37   33
1018   33   32   42
1019   39   31   31
1020   24   29   22
1021   29   35   34
1022   35   35   35
1023   30   27   31
1024   45   36   29
1025   35   33   47
1026   29   32   30
1027   39   35   25
1028   36   38   30
1029   35   30   25
1030   22   42   28
1031   51   25   33
1032   23   23   32
1033   33   34   38
1034   31   29   28
1035   40   30   49
1036   24   30   25
1037   55   38   31
1038   24   29   43
1039   41   38   39
1040   33   27   27
1041   24   34   36
1042   40   40   35
1043   36   30   32
1044   35   39   34
1045   28   30   30
1046   49   35   39
1047   30   35   33
1048   37   40   34
1049   37   27   41
1050   40   35   40
1051   28   36   40
1052   26   40   26
1053   29   33   29
1054   30   35   29
1055   44   33   34
1056   32   29   35
1057   36   33   36
1058   35   38   40
1059   34   24   27
1060   36   37   41
1061   43   33   27
1062   34   34   32
1063   31   33   35
1064   27   25   24
1065   42   40   32
1066   30   30   32
1067   35   26   33
1068   28   39   25
1069   43   29   35
1070   32   31   25
1071   43   45   33
1072   37   37   37
1073   36   31   21
1074   43   32   38
1075   16   32   31
1076   35   32   33
1077   32   24   23
1078   28   35   42
1079   25   27   32
1080   30   39   26
1081   33   20   30
1082   42   31   20
1083   31   31   45
1084   29   33   34
1085   36   28   25
1086   27   30   25
1087   33   35   38
1088   28   21   24
1089   32   27   45
1090   28   26   26
1091   34   37   37
1092   27   33   31
1093   32   38   37
1094   39   31   24
1095   35   36   31
1096   39   31   37
1097   38   37   32
1098   31   35   32
1099   37   37   42
1100   33   25   27
1101   36   41   37
1102   25   28   21
1103   36   35   43
1104   25   37   29
1105   43   28   35
1106   40   43   36
1107   40   34   47
1108   32   39   31
1109   31   30   31
1110   40   49   33
1111   31   18   32
1112   42   30   33
1113   34   31   32
1114   28   35   32
1115   45   45   42
1116   24   28   35
1117   37   32   24
1118   30   35   26
1119   36   39   37
1120   38   30   23
1121   33   36   39
1122   32   27   36
1123   39   21   35
1124   32   33   28
1125   44   42   29
1126   35   29   37
1127   41   25   26
1128   30   20   27
1129   41   36   32
1130   29   24   43
1131   37   44   42
1132   27   30   35
1133   44   50   35
1134   30   24   27
1135   36   36   36
1136   34   33   35
1137   26   33   31
1138   40   35   40
1139   32   26   39
1140   32   43   40
1141   28   33   18
1142   31   33   34
1143   32   27   26
1144   35   42   30
1145   38   33   30
1146   29   35   32
1147   28   40   38
1148   38   35   25
1149   32   33   38
1150   37   34   29
1151   39   38   28
1152   27   20   38
1153   38   34   44
1154   41   43   34
1155   39   25   34
1156   39   33   41
1157   29   32   45
1158   32   28   37
1159   34   46   41
1160   22   21   17
1161   52   36   35
1162   35   34   28
1163   37   40   33
1164   25   34   29
1165   29   37   43
1166   29   27   29
1167   31   34   34
1168   38   33   27
1169   30   28   27
1170   40   47   47
1171   38   34   37
1172   42   30   26
1173   30   22   33
1174   45   42   46
1175   37   27   34
1176   29   27   17
1177   34   38   28
1178   39   39   37
1179   42   34   39
1180   34   28   35
1181   31   22   32
1182   41   47   36
1183   32   27   39
1184   25   22   26
1185   27   44   37
1186   53   47   18
1187   26   26   29
1188   36   44   34
1189   35   30   33
1190   31   30   15
1191   50   27   28
1192   21   29   32
1193   40   47   46
1194   25   34   42
1195   34   45   33
1196   39   26   34
1197   30   28   30
1198   29   31   22
1199   39   28   47
1200   34   24   26
1201   34   35   31
1202   35   34   39
1203   32   26   30
1204   39   32   34
1205   35   33   36
1206   34   33   34
1207   21   35   42
1208   33   28   34
1209   37   36   27
1210   34   41   33
1211   30   44   19
1212   48   44   28
1213   30   40   36
1214   35   33   39
1215   41   37   49
1216   25   21   31
1217   35   26   34
1218   28   35   26
1219   35   35   35
1220   35   38   30
1221   41   39   42
1222   35   26   25
1223   43   31   32
1224   28   25   31
1225   38   36   47
1226   30   35   22
1227   30   43   41
1228   26   26   27
1229   42   38   39
1230   31   33   41
1231   39   38   28
1232   38   26   33
1233   25   26   18
1234   36   35   35
1235   49   40   29
1236   29   30   25
1237   29   33   28
1238   38   37   50
1239   29   31   34
1240   37   40   29
1241   41   26   29
1242   42   25   45
1243   38   31   33
1244   31   29   25
1245   28   30   30
1246   23   19   28
1247   40   34   26
1248   31   42   28
1249   39   40   37
1250   29   31   37
1251   33   37   32
1252   37   31   37
1253   32   34   38
1254   33   35   18
1255   30   23   32
1256   32   35   22
1257   44   46   48
1258   27   20   23
1259   34   41   28
1260   28   32   31
1261   35   32   29
1262   24   31   30
1263   41   36   34
1264   33   39   40
1265   29   31   29
1266   41   31   36
1267   33   27   31
1268   39   34   30
1269   34   35   29
1270   34   34   50
1271   34   47   21
1272   21   34   27
1273   31   28   40
1274   41   31   30
1275   27   32   31
1276   33   32   27
1277   34   35   36
1278   35   31   30
1279   54   61   48
1280   14   16   23
1281   34   40   30
1282   39   33   44
1283   38   32   31
1284   30   40   37
1285   46   34   36
1286   29   32   42
1287   40   31   36
1288   19   16   28
1289   32   26   34
1290   24   33   31
1291   45   31   37
1292   26   30   27
1293   39   42   44
1294   28   31   30
1295   45   44   29
1296   37   36   29
1297   31   24   24
1298   40   38   32
1299   30   32   34
1300   39   32   31
1301   27   19   31
1302   46   32   34
1303   41   35   34
1304   33   33   22
1305   31   32   28
1306   31   30   34
1307   29   41   31
1308   38   31   37
1309   31   24   32
1310   31   39   31
1311   29   32   42
1312   34   32   21
1313   35   28   28
1314   30   29   26
1315   33   37   22
1316   26   19   33
1317   35   40   33
1318   33   25   37
1319   35   38   46
1320   35   38   22
1321   36   31   38
1322   25   24   28
1323   37   33   39
1324   21   35   28
1325   46   39   35
1326   25   21   31
1327   37   40   41
1328   25   32   22
1329   26   27   25
1330   44   36   36
1331   22   33   30
1332   40   24   30
1333   27   29   31
1334   41   31   38
1335   27   40   30
1336   30   21   29
1337   26   32   24
1338   27   28   27
1339   29   32   28
1340   29   38   29
1341   27   28   33
1342   29   33   36
1343   35   39   37
1344   15   24   28
1345   30   30   30
1346   34   25   27
1347   37   37   32
1348   24   30   18
1349   33   42   31
1350   40   27   29
1351   34   22   33
1352   33   25   28
1353   49   27   36
1354   35   33   25
1355   38   34   48
1356   18   28   24
1357   47   36   29
1358   32   26   19
1359   45   40   45
1360   25   28   31
1361   19   23   34
1362   38   37   32
1363   38   32   31
1364   39   33   31
1365   20   28   28
1366   35   43   42
1367   31   32   22
1368   43   27   30
1369   26   19   21
1370   42   22   31
1371   31   42   34
1372   33   20   26
1373   25   41   35
1374   39   29   40
1375   34   47   41
1376   22   31   34
1377   40   35   31
1378   32   30   25
1379   32   31   29
1380   33   37   32
1381   26   32   36
1382   34   35   35
1383   33   22   22
1384   31   23   33
1385   35   41   30
1386   33   28   27
1387   37   41   34
1388   29   28   22
1389   34   33   37
1390   31   28   27
1391   49   42   42
1392   29   28   25
1393   25   28   37
1394   29   31   39
1395   29   37   33
1396   35   35   29
1397   35   37   28
1398   32   47   45
1399   29   28   25
1400   37   32   30
1401   35   29   31
1402   31   28   29
1403   37   38   32
1404   32   37   32
1405   44   33   36
1406   30   25   43
1407   32   33   36
1408   28   31   39
1409   34   41   38
1410   33   26   26
1411   28   30   32
1412   43   29   32
1413   34   31   39
1414   24   38   15
1415   47   37   41
1416   31   24   25
1417   42   31   37
1418   22   23   33
1419   56   40   42
1420   24   32   29
1421   30   30   36
1422   28   28   23
1423   35   22   44
1424   40   39   38
1425   27   23   24
1426   57   39   31
1427   28   35   19
1428   26   44   32
1429   23   25   33
1430   53   39   34
1431   38   29   37
1432   24   24   27
1433   30   27   30
1434   29   39   37
1435   37   36   33
1436   26   30   26
1437   28   29   35
1438   32   34   38
1439   33   32   41
1440   34   22   33
1441   41   32   34
1442   27   36   35
1443   30   27   27
1444   46   30   34
1445   40   41   46
1446   30   37   26
1447   39   32   28
1448   26   26   29
1449   42   36   47
1450   26   30   24
1451   34   35   40
1452   24   27   22
1453   45   32   38
1454   27   34   25
1455   44   38   35
1456   29   27   37
1457   34   26   29
1458   34   46   44
1459   23   36   26
1460   49   31   48
1461   27   48   35
1462   33   40   40
1463   36   32   30
1464   31   18   40
1465   42   37   31
1466   38   30   32
1467   31   29   40
1468   38   30   34
1469   51   40   28
1470   35   30   30
1471   41   50   33
1472   22   31   32
1473   38   36   31
1474   35   29   23
1475   38   33   34
1476   30   30   43
1477   34   33   35
1478   26   34   35
1479   28   18   27
1480   33   23   24
1481   43   38   40
1482   26   23   26
1483   43   43   44
1484   30   23   25
1485   35   40   34
1486   34   28   21
1487   37   34   45
1488   38   35   26
1489   21   23   22
1490   43   46   47
1491   29   35   32
1492   30   38   29
1493   26   25   30
1494   34   44   39
1495   35   32   32
1496   28   28   33
1497   39   28   31
1498   41   40   41
1499   41   29   34
1500   24   29   32
1501   23   38   21
1502   35   36   45
1503   43   40   29
1504   40   36   39
1505   36   28   34
1506   34   20   26
1507   32   37   47
1508   35   30   31
1509   43   32   32
1510   28   39   30
1511   34   33   44
1512   23   33   29
1513   55   42   39
1514   32   36   23
1515   36   39   32
1516   23   35   25
1517   45   42   45
1518   32   19   30
1519   40   44   33
1520   31   44   43
1521   28   23   39
1522   34   29   32
1523   38   19   31
1524   38   41   37
1525   32   30   30
1526   45   32   40
1527   34   28   35
1528   28   40   27
1529   44   36   35
1530   39   33   46
1531   30   33   39
1532   30   24   30
1533   46   33   32
1534   33   34   32
1535   44   31   33
1536   31   42   29
1537   44   29   34
1538   26   33   36
1539   32   24   35
1540   29   43   38
1541   33   20   29
1542   38   43   32
1543   36   28   25
1544   29   25   26
1545   35   35   40
1546   38   39   23
1547   32   35   38
1548   18   30   22
1549   36   34   39
1550   25   28   26
1551   43   46   35
1552   37   35   42
1553   24   17   26
1554   40   47   43
1555   33   33   33
1556   42   31   31
1557   27   34   27
1558   37   35   51
1559   39   33   39
1560   30   38   28
1561   28   30   37
1562   50   36   35
1563   36   43   34
1564   30   28   25
1565   44   24   36
1566   36   35   46
1567   37   37   36
1568   27   34   28
1569   42   33   36
1570   41   29   33
1571   22   26   23
1572   34   45   40
1573   42   45   43
1574   29   22   38
1575   36   45   24
1576   36   30   21
1577   47   35   39
1578   23   28   37
1579   34   41   31
1580   35   27   31
1581   44   43   40
1582   25   32   34
1583   40   47   43
1584   33   34   40
1585   28   25   26
1586   35   33   38
1587   32   23   30
1588   41   32   34
1589   33   24   21
1590   25   35   32
1591   31   34   27
1592   29   26   35
1593   29   23   29
1594   31   40   37
1595   26   31   24
1596   42   18   38
1597   32   27   32
1598   32   28   21
1599   40   37   33
1600   19   18   20
1601   24   33   31
1602   33   27   31
1603   38   34   28
1604   23   23   28
1605   37   33   32
1606   24   41   20
1607   25   37   32
1608   32   34   34
1609   35   35   36
1610   36   25   35
1611   48   38   38
1612   24   32   20
1613   42   53   45
1614   29   32   28
1615   41   40   43
1616   38   33   26
1617   27   24   23
1618   36   38   45
1619   42   44   37
1620   30   34   31
1621   24   22   26
1622   51   45   38
1623   19   31   27
1624   37   31   33
1625   27   28   28
1626   35   44   49
1627   53   41   36
1628   35   26   34
1629   25   32   25
1630   42   32   39
1631   41   45   39
1632   22   24   30
1633   40   38   32
1634   31   39   28
1635   33   31   35
1636   33   40   35
1637   36   43   40
1638   35   34   31
1639   33   36   24
1640   34   29   47
1641   46   39   40
1642   29   26   25
1643   45   31   36
1644   27   22   32
1645   42   52   45
1646   22   30   28
1647   38   36   34
1648   37   35   35
1649   30   32   22
1650   42   31   34
1651   23   33   34
1652   41   20   33
1653   30   32   39
1654   40   35   33
1655   27   26   20
1656   34   21   44
1657   29   35   33
1658   43   39   30
1659   30   34   33
1660   37   34   32
1661   36   37   43
1662   45   27   31
1663   32   35   42
1664   28   37   29
1665   28   32   23
1666   32   37   24
1667   23   35   35
1668   42   31   46
1669   34   24   32
1670   42   36   31
1671   38   44   34
1672   25   22   29
1673   39   37   37
1674   27   30   35
1675   42   32   25
1676   22   35   28
1677   42   43   37
1678   23   29   13
1679   37   38   30
1680   43   39   55
1681   19   22   29
1682   41   44   37
1683   29   33   31
1684   41   30   41
1685   31   31   21
1686   31   39   47
1687   44   37   30
1688   31   31   27
1689   22   25   30
1690   40   42   33
1691   38   42   32
1692   28   31   39
1693   31   28   30
1694   40   36   31
1695   41   52   50
1696   30   31   28
1697   36   34   37
1698   36   27   33
1699   31   29   25
1700   33   31   42
1701   36   41   25
1702   32   22   34
1703   33   40   42
1704   29   32   26
1705   47   37   37
1706   22   24   29
1707   46   35   43
1708   22   31   25
1709   48   43   43
1710   28   19   26
1711   39   37   34
1712   37   41   40
1713   35   35   27
1714   39   34   38
1715   24   26   31
1716   45   28   39
1717   26   27   23
1718   28   35   31
1719   30   45   29
1720   35   28   23
1721   28   32   39
1722   33   41   36
1723   35   33   32
1724   28   37   27
1725   35   33   35
1726   32   29   33
1727   41   34   30
1728   28   18   24
1729   32   32   38
1730   42   43   37
1731   43   33   32
1732   32   27   36
1733   29   36   39
1734   31   43   36
1735   40   27   30
1736   36   29   25
1737   29   42   43
1738   27   28   30
1739   37   38   38
1740   26   16   23
1741   42   41   35
1742   25   28   25
1743   38   41   43
1744   44   36   32
1745   19   36   24
1746   47   43   33
1747   24   33   46
1748   31   28   22
1749   24   31   23
1750   40   34   40
1751   34   29   28
1752   30   38   23
1753   39   32   28
1754   45   36   29
1755   42   28   49
1756   32   41   38
1757   38   32   39
1758   25   41   42
1759   58   40   40
1760   22   23   26
1761   32   38   42
1762   26   34   27
1763   36   30   24
1764   31   34   34
1765   34   40   27
1766   28   25   33
1767   37   31   30
1768   31   19   29
1769   45   37   36
1770   36   27   27
1771   42   36   32
1772   25   23   30
1773   49   40   60
1774   18   30   22
1775   40   35   46
1776   32   35   31
1777   23   28   25
1778   31   33   44
1779   32   27   27
1780   32   42   30
1781   32   33   25
1782   44   35   32
1783   26   43   26
1784   35   29   38
1785   33   26   36
1786   33   40   32
1787   37   42   38
1788   31   35   31
1789   39   28   36
1790   31   27   25
1791   65   53   47
1792   17   27   29
1793   38   28   37
1794   29   31   38
1795   41   30   39
1796   23   38   23
1797   30   33   35
1798   30   30   33
1799   33   28   27
1800   23   26   23
1801   41   32   37
1802   23   26   27
1803   46   36   31
1804   35   35   26
1805   39   49   35
1806   28   31   25
1807   37   47   44
1808   36   30   35
1809   22   31   25
1810   32   44   37
1811   34   32   34
1812   44   32   36
1813   27   21   17
1814   43   37   37
1815   34   25   31
1816   38   34   34
1817   32   30   34
1818   30   38   42
1819   33   33   37
1820   31   28   37
1821   37   43   29
1822   40   46   36
1823   38   37   43
1824   28   35   26
1825   39   28   38
1826   23   32   33
1827   35   30   26
1828   40   31   40
1829   41   27   31
1830   37   28   26
1831   24   25   31
1832   25   32   34
1833   45   46   46
1834   31   26   29
1835   38   33   30
1836   26   34   34
1837   41   37   43
1838   20   23   23
1839   36   42   38
1840   30   27   38
1841   27   33   28
1842   32   41   37
1843   23   26   24
1844   49   50   25
1845   33   26   17
1846   39   22   23
1847   29   31   24
1848   23   27   40
1849   31   26   26
1850   30   27   43
1851   29   21   32
1852   27   24   30
1853   27   32   30
1854   21   29   24
1855   45   31   32
1856   26   23   23
1857   34   37   40
1858   33   26   21
1859   36   40   29
1860   29   22   26
1861   29   36   30
1862   29   31   39
1863   29   25   30
1864   34   32   32
1865   33   35   39
1866   27   28   28
1867   36   46   38
1868   24   32   20
1869   50   39   34
1870   27   30   27
1871   47   45   47
1872   26   31   32
1873   25   32   22
1874   41   37   37
1875   41   31   33
1876   23   34   33
1877   33   28   35
1878   47   40   33
1879   26   22   25
1880   30   32   49
1881   30   33   29
1882   49   39   31
1883   42   45   31
1884   29   31   34
1885   20   32   31
1886   42   35   32
1887   42   38   48
1888   30   30   29
1889   38   41   43
1890   27   26   34
1891   41   35   30
1892   37   30   34
1893   25   28   30
1894   26   27   33
1895   34   28   32
1896   23   24   34
1897   44   40   35
1898   17   21   32
1899   40   44   38
1900   29   28   25
1901   49   53   34
1902   25   26   19
1903   54   42   45
1904   26   33   27
1905   20   31   26
1906   38   33   37
1907   31   29   26
1908   42   30   38
1909   31   29   35
1910   25   43   34
1911   27   27   23
1912   43   40   32
1913   25   36   37
1914   27   32   45
1915   36   28   23
1916   35   33   28
1917   32   25   29
1918   32   28   37
1919   54   47   32
1920   31   22   35
1921   27   32   31
1922   39   36   30
1923   29   37   38
1924   37   37   32
1925   32   30   35
1926   34   35   39
1927   39   27   41
1928   22   31   26
1929   40   44   34
1930   27   23   17
1931   36   31   42
1932   27   38   27
1933   49   35   36
1934   29   32   35
1935   42   41   41
1936   31   38   33
1937   27   33   25
1938   38   34   39
1939   29   30   34
1940   30   38   33
1941   30   25   37
1942   47   46   31
1943   34   36   32
1944   33   25   31
1945   35   36   32
1946   29   35   34
1947   39   28   37
1948   34   33   30
1949   25   24   26
1950   42   28   43
1951   36   39   41
1952   25   26   23
1953   39   36   37
1954   27   35   30
1955   33   27   27
1956   39   43   41
1957   40   33   39
1958   19   28   29
1959   36   29   35
1960   21   22   23
1961   43   57   44
1962   26   26   20
1963   48   25   33
1964   33   28   38
1965   43   34   33
1966   29   25   24
1967   44   40   40
1968   27   35   32
1969   25   24   31
1970   40   39   28
1971   23   28   31
1972   55   44   43
1973   29   35   42
1974   33   43   34
1975   25   37   30
1976   25   21   32
1977   34   25   31
1978   31   41   34
1979   30   34   26
1980   37   26   46
1981   37   43   39
1982   35   32   26
1983   54   46   32
1984   30   21   27
1985   41   31   33
1986   32   34   31
1987   30   45   32
1988   24   34   32
1989   33   22   28
1990   34   33   33
1991   32   32   37
1992   41   28   35
1993   35   36   45
1994   30   29   30
1995   53   45   40
1996   17   21   24
1997   34   37   27
1998   21   34   24
1999   45   44   39
2000   43   30   42
2001   32   22   31
2002   49   45   39
2003   34   29   37
2004   30   37   32
2005   37   29   22
2006   46   35   43
2007   24   33   19
2008   27   31   36
2009   31   25   32
2010   29   45   47
2011   31   36   52
2012   26   19   24
2013   33   33   36
2014   31   26   39
2015   40   39   36
2016   29   34   29
2017   24   45   34
2018   35   22   23
2019   39   37   23
2020   22   48   29
2021   41   33   37
2022   33   26   31
2023   31   36   37
2024   28   20   21
2025   45   48   36
2026   18   27   26
2027   38   51   30
2028   24   18   32
2029   51   32   42
2030   26   17   25
2031   41   32   42
2032   39   50   33
2033   28   19   39
2034   42   36   24
2035   29   32   42
2036   37   37   30
2037   27   27   18
2038   39   51   41
2039   22   31   28
2040   42   30   29
2041   33   45   31
2042   45   34   40
2043   28   14   43
2044   27   35   31
2045   24   33   23
2046   42   28   42
2047   27   70   31
2048   33   20   29
2049   30   40   34
2050   29   35   36
2051   26   32   30
2052   32   25   30
2053   38   33   32
2054   29   27   39
2055   33   42   24
2056   26   28   21
2057   41   45   54
2058   30   33   32
2059   49   46   37
2060   26   31   13
2061   52   38   32
2062   30   25   35
2063   32   39   35
2064   36   23   42
2065   21   20   21
2066   44   36   36
2067   30   32   24
2068   40   42   40
2069   21   24   33
2070   39   42   49
2071   26   20   37
2072   31   29   35
2073   32   29   27
2074   40   40   33
2075   25   27   33
2076   33   32   29
2077   28   32   31
2078   30   34   42
2079   48   39   31
2080   28   35   34
2081   30   31   27
2082   30   30   29
2083   23   21   24
2084   33   39   36
2085   32   33   31
2086   31   32   32
2087   28   38   34
2088   23   34   23
2089   49   39   39
2090   21   27   30
2091   39   26   28
2092   34   34   30
2093   44   39   32
2094   21   18   30
2095   39   55   32
2096   35   26   27
2097   31   34   25
2098   39   43   35
2099   24   19   20
2100   35   26   46
2101   26   31   24
2102   40   39   33
2103   23   29   29
2104   25   35   23
2105   30   26   34
2106   32   17   39
2107   29   24   32
2108   25   32   28
2109   32   33   30
2110   21   35   31
2111   42   26   31
2112   26   28   25
2113   38   37   31
2114   34   32   33
2115   24   41   33
2116   28   27   21
2117   32   38   35
2118   38   39   36
2119   23   29   19
2120   37   33   24
2121   52   32   37
2122   25   21   28
2123   45   47   39
2124   19   22   24
2125   39   39   43
2126   25   27   25
2127   45   37   34
2128   35   23   31
2129   18   24   26
2130   35   45   42
2131   37   35   43
2132   31   23   34
2133   28   29   35
2134   33   42   32
2135   23   31   34
2136   40   31   34
2137   29   28   26
2138   33   30   29
2139   43   30   47
2140   20   28   29
2141   19   31   16
2142   43   28   35
2143   39   37   34
2144   21   25   31
2145   35   39   32
2146   41   31   22
2147   30   30   35
2148   44   34   34
2149   28   42   37
2150   25   24   25
2151   28   32   23
2152   29   33   26
2153   45   34   41
2154   21   30   22
2155   48   36   38
2156   17   19   28
2157   52   48   44
2158   17   23   26
2159   46   50   42
2160   31   25   39
2161   31   26   20
2162   36   32   37
2163   17   32   18
2164   43   33   39
2165   32   27   33
2166   29   30   38
2167   25   30   25
2168   46   37   35
2169   37   36   35
2170   35   33   35
2171   32   30   34
2172   32   27   27
2173   35   35   43
2174   30   34   27
2175   41   43   45
2176   23   31   19
2177   35   40   35
2178   26   33   32
2179   38   26   33
2180   32   30   43
2181   51   37   34
2182   40   40   27
2183   29   25   38
2184   17   28   20
2185   49   39   46
2186   25   22   22
2187   46   32   42
2188   18   34   22
2189   49   37   39
2190   19   22   21
2191   32   30   32
2192   38   44   44
2193   27   25   29
2194   37   34   54
2195   20   32   31
2196   38   33   35
2197   28   24   24
2198   43   44   44
2199   34   28   34
2200   23   20   28
2201   33   30   22
2202   39   46   46
2203   36   36   30
2204   33   26   26
2205   22   33   29
2206   46   38   32
2207   42   32   33
2208   26   29   24
2209   28   37   43
2210   27   28   33
2211   31   28   22
2212   40   43   42
2213   41   36   42
2214   30   22   20
2215   37   42   45
2216   21   21   22
2217   42   34   43
2218   27   28   29
2219   32   26   34
2220   27   34   32
2221   48   43   40
2222   19   19   11
2223   27   38   46
2224   44   43   38
2225   31   25   31
2226   41   45   33
2227   30   14   25
2228   43   44   41
2229   29   32   21
2230   47   37   44
2231   34   35   29
2232   22   25   29
2233   37   34   29
2234   36   30   37
2235   26   37   20
2236   45   29   41
2237   29   51   31
2238   34   32   40
2239   54   34   37
2240   26   32   34
2241   30   39   43
2242   42   30   35
2243   31   42   34
2244   30   28   28
2245   36   31   39
2246   34   33   31
2247   35   31   28
2248   27   27   30
2249   38   38   46
2250   23   26   20
2251   45   32   54
2252   21   17   25
2253   47   32   39
2254   22   32   25
2255   35   39   35
2256   37   35   40
2257   18   29   28
2258   47   42   42
2259   29   35   39
2260   33   42   30
2261   30   25   25
2262   41   39   34
2263   23   37   37
2264   39   26   28
2265   29   31   30
2266   32   29   39
2267   49   33   41
2268   28   36   24
2269   28   28   26
2270   47   32   29
2271   32   43   37
2272   33   27   41
2273   31   29   36
2274   33   33   30
2275   33   29   25
2276   21   46   32
2277   29   24   40
2278   22   39   25
2279   35   20   30
2280   24   21   34
2281   53   48   51
2282   30   38   22
2283   31   36   38
2284   23   30   42
2285   51   41   35
2286   17   25   21
2287   26   33   39
2288   51   47   37
2289   35   30   23
2290   30   42   24
2291   25   26   31
2292   40   26   32
2293   36   32   37
2294   46   37   36
2295   28   41   36
2296   33   34   37
2297   33   37   28
2298   32   36   29
2299   36   40   34
2300   40   29   29
2301   41   25   36
2302   30   42   40
2303   54   38   39
2304   34   45   26
2305   37   24   24
2306   29   34   55
2307   39   26   36
2308   27   40   29
2309   23   18   39
2310   29   36   38
2311   33   40   27
2312   27   26   26
2313   37   25   50
2314   33   29   31
2315   36   42   38
2316   17   15   32
2317   41   46   48
2318   19   26   22
2319   50   40   50
2320   30   31   33
2321   23   30   17
2322   38   39   33
2323   32   27   25
2324   29   46   34
2325   27   29   23
2326   40   40   43
2327   33   35   32
2328   27   31   30
2329   22   31   26
2330   36   33   34
2331   45   39   28
2332   38   28   28
2333   31   24   29
2334   45   32   36
2335   23   25   30
2336   42   26   39
2337   32   42   39
2338   33   31   19
2339   23   36   34
2340   35   45   34
2341   34   33   33
2342   29   30   32
2343   27   24   31
2344   26   27   23
2345   51   44   47
2346   22   23   33
2347   29   32   34
2348   36   34   33
2349   60   44   38
2350   24   20   23
2351   40   48   43
2352   44   26   31
2353   25   39   31
2354   32   31   20
2355   17   32   22
2356   54   44   38
2357   27   23   21
2358   34   48   57
2359   33   33   17
2360   23   28   25
2361   32   35   33
2362   28   22   26
2363   26   22   28
2364   38   39   35
2365   28   29   42
2366   33   25   23
2367   18   23   39
2368   22   26   32
2369   33   30   32
2370   32   32   22
2371   35   37   37
2372   25   29   32
2373   33   30   25
2374   29   30   38
2375   26   22   32
2376   41   26   27
2377   41   32   37
2378   17   23   24
2379   48   46   42
2380   23   31   29
2381   46   37   35
2382   16   25   25
2383   42   41   41
2384   32   27   28
2385   18   28   26
2386   24   40   43
2387   24   33   30
2388   27   25   25
2389   36   27   29
2390   35   51   45
2391   27   25   21
2392   39   30   38
2393   28   30   31
2394   35   45   41
2395   32   37   41
2396   26   25   27
2397   33   24   25
2398   35   39   30
2399   30   36   32
2400   21   28   24
2401    5   42   36
2402    1   25   20
2403    3   21   33
2404    0   53   30
2405    0   31   47
2406    0   32   25
2407    0   33   32
2408    0   31   25
2409    0   53   36
2410    0   30   21
2411    0   35   52
2412    0   28   12
2413    0   37   51
2414    0   24   14
2415    0   41   45
2416    0   28   34
2417    0   36   22
2418    0   44   45
2419    0   30   26
2420    0   25   40
2421    0   27   26
2422    0   46   36
2423    0   24   22
2424    0   44   47
2425    0   20   21
2426    0   29   32
2427    0   28   29
2428    0   31   32
2429    0   37   37
2430    0   32   32
2431    0   35   47
2432    0   26   18
2433    0   32   29
2434    0   39   29
2435    0   45   20
2436    0   30   17
2437    0   33    5
2438    0   39    0
2439    0   28    1
2440    0   15    0
2441    0   29    0
2442    0   16    0
2443    0   13    0
2444    0    6    0
2445    0    0    0
2446    0    0    0
2447    0    1    0
2448    0    1    0
2449    0    0    0
2450    0    0    0
2451    0    0    0
2452    0    0    0
2453    0    0    0
2454    0    0    0
2455    0    0    0
2456    0    0    0
2457    0    0    0
2458    0    0    0
2459    0    0    0
2460    0    0    0
2461    0    0    0
2462    0    0    0
2463    0    0    0
2464    0    0    0
2465    0    0    0
2466    0    0    0
2467    0    0    0
2468    0    0    0
2469    0    0    0
2470    0    0    0
2471    0    0    0
2472    0    0    1
2473    0    0    0
2474    0    0    0
2475    0    0    0
2476    0    0    0
2477    0    0    0
2478    0    0    0
2479    0    0    0
2480    0    0    0
2481    0    0    0
2482    0    0    0
2483    0    0    0
2484    0    0    1
2485    0    0    0
2486    0    0    0
2487    0    0    0
2488    0    0    0
2489    0    0    0
2490    0    0    0
2491    0    0    0
2492    0    0    0
2493    0    0    0
2494    0    0    0
2495    0    0    0
2496    0    0    0
2497    0    0    0
2498    0    0    0
2499    0    0    0
2500    0    0    0
2501    0    0    0
2502    0    0    0
2503    0    0    0
2504    0    0    0
2505    0    0    0
2506    0    0    0
2507    0    0    0
2508    0    0    0
2509    0    0    0
2510    0    0    0
2511    0    0    0
2512    0    0    0
2513    0    0    0
2514    0    0    0
2515    0    0    0
2516    0    0    0
2517    0    0    0
2518    0    0    0
2519    0    0    0
2520    0    0    0
2521    0    0    0
2522    0    0    0
2523    0    0    0
2524    0    0    0
2525    0    0    0
2526    0    0    0
2527    0    0    0
2528    0    0    0
2529    0    0    0
2530    0    0    0
2531    0    0    0
2532    0    0    0
2533    0    0    0
2534    0    0    0
2535    0    0    0
2536    0    0    0
2537    1    0    0
2538    0    0    0
2539    0    0    0
2540    0    0    0
2541    0    0    0
2542    0    0    0
2543    0    0    0
2544    0    0    0
2545    0    0    0
2546    0    0    0
2547    0    0    0
2548    0    0    0
2549    0    0    0
2550    0    0    0
2551    0    0    0
2552    0    1    0
2553    0    0    0
2554    0    0    0
2555    0    0    0
2556    0    0    0
2557    0    0    0
2558    0    0    0
2559    0    0    0
2560    0    0    0
2561    0    0    0
2562    0    0    0
2563    0    0    0
2564    0    0    0
2565    0    0    0
2566    0    0    0
2567    0    0    0
2568    0    0    0
2569    0    0    0
2570    0    0    0
2571    0    0    0
2572    0    0    0
2573    0    0    0
2574    0    0    0
2575    0    0    0
2576    0    0    0
2577    0    0    0
2578    0    0    0
2579    0    0    0
2580    0    0    0
2581    0    0    0
2582    0    0    0
2583    0    0    0
2584    0    0    0
2585    0    0    0
2586    0    0    0
2587    0    0    0
2588    0    0    0
2589    0    0    0
2590    0    0    0
2591    0    0    0
2592    0    0    0
2593    0    0    0
2594    0    0    0
2595    0    0    0
2596    0    0    0
2597    0    0    0
2598    0    0    0
2599    0    0    0
2600    0    0    0
2601    0    0    0
2602    0    0    0
2603    0    0    0
2604    0    0    0
2605    0    0    0
2606    0    0    0
2607    0    0    0
2608    0    0    0
2609    0    0    0
2610    0    0    0
2611    0    0    0
2612    0    0    0
2613    0    0    0
2614    0    0    0
2615    0    0    0
2616    0    0    0
2617    0    0    0
2618    0    0    0
2619    0    0    0
2620    0    0    0
2621    0    0    0
2622    0    0    0
2623    0    0    0
2624    0    0    0
2625    0    0    0
2626    0    0    0
2627    0    0    0
2628    0    0    0
2629    0    0    0
2630    0    0    0
2631    0    0    0
2632    0    0    0
2633    0    0    0
2634    0    0    0
2635    0    0    0
2636    0    0    0
2637    0    0    0
2638    0    0    0
2639    0    0    0
2640    0    0    0
2641    0    0    0
2642    0    0    0
2643    0    0    0
2644    0    0    0
2645    0    0    0
2646    0    0    0
2647    0    0    0
2648    0    0    0
2649    0    0    0
2650    0    0    0
2651    0    0    0
2652    0    0    0
2653    0    0    0
2654    0    0    0
2655    0    0    0
2656    0    0    0
2657    0    0    0
2658    0    0    0
2659    0    0    0
2660    0    0    0
2661    0    0    0
2662    0    0    0
2663    0    0    0
2664    0    0    0
2665    0    0    0
2666    0    0    0
2667    0    0    0
2668    0    0    0
2669    0    0    0
2670    0    0    0
2671    0    0    0
2672    0    0    0
2673    0    0    0
2674    0    0    0
2675    0    0    0
2676    0    0    0
2677    0    0    0
2678    0    0    0
2679    0    0    0
2680    0    0    0
2681    0    0    0
2682    0    0    0
2683    0    0    0
2684    0    0    0
2685    0    0    0
2686    0    0    0
2687    0    0    0
2688    0    0    0
2689    0    0    0
2690    0    0    0
2691    0    0    0
2692    0    0    0
2693    0    0    0
2694    0    0    0
2695    0    0    0
2696    0    0    0
2697    0    0    0
2698    0    0    0
2699    0    0    0
2700    0    0    0
2701    0    0    0
2702    0    0    0
2703    0    0    0
2704    0    0    0
2705    0    0    0
2706    0    0    0
2707    0    0    0
2708    0    0    0
2709    0    0    0
2710    0    0    0
2711    0    0    0
2712    0    0    0
2713    0    0    0
2714    0    0    0
2715    0    0    0
2716    0    0    0
2717    0    0    0
2718    0    0    0
2719    0    0    0
2720    0    0    0
2721    0    0    0
2722    0    0    0
2723    0    0    0
2724    0    0    0
2725    0    0    0
2726    0    0    0
2727    0    0    0
2728    0    0    0
2729    0    0    0
2730    0    0    0
2731    0    0    0
2732    0    0    0
2733    0    0    0
2734    0    0    0
2735    0    0    0
2736    0    0    0
2737    0    0    0
2738    0    0    0
2739    0    0    0
2740    0    0    0
2741    0    0    0
2742    0    0    0
2743    0    0    0
2744    0    0    0
2745    0    0    0
2746    0    0    0
2747    0    0    0
2748    0    0    0
2749    0    0    0
2750    0    0    0
2751    0    0    0
2752    0    0    0
2753    0    0    0
2754    0    0    0
2755    0    0    0
2756    0    0    0
2757    0    0    0
2758    0    0    0
2759    0    0    0
2760    0    0    0
2761    0    0    0
2762    0    0    0
2763    0    0    0
2764    0    0    0
2765    0    0    0
2766    0    0    0
2767    0    0    0
2768    0    0    0
2769    0    0    0
2770    0    0    0
2771    0    0    0
2772    0    0    0
2773    0    0    0
2774    0    0    0
2775    0    0    0
2776    0    0    0
2777    0    0    0
2778    0    0    0
2779    0    0    0
2780    0    0    0
2781    0    0    0
2782    0    0    0
2783    0    0    0
2784    0    0    0
2785    0    0    0
2786    0    0    0
2787    0    0    0
2788    0    0    0
2789    0    0    0
2790    0    0    0
2791    0    0    0
2792    0    0    0
2793    0    0    0
2794    0    0    0
2795    0    0    0
2796    0    0    0
2797    0    0    0
2798    0    0    0
2799    0    0    0
2800    0    0    0
2801    0    0    0
2802    0    0    0
2803    0    0    0
2804    0    0    0
2805    0    0    0
2806    0    0    0
2807    0    0    0
2808    0    0    0
2809    0    0    0
2810    0    0    0
2811    0    0    0
2812    0    0    0
2813    0    0    0
2814    0    0    0
2815    0    0    0
2816    0    0    0
2817    0    0    0
2818    0    0    0
2819    0    0    0
2820    0    0    0
2821    0    0    0
2822    0    0    0
2823    0    0    0
2824    0    0    0
2825    0    0    0
2826    0    0    0
2827    0    0    0
2828    0    0    0
2829    0    0    0
2830    0    0    0
2831    0    0    0
2832    0    0    0
2833    0    0    0
2834    0    0    0
2835    0    0    0
2836    0    0    0
2837    0    0    0
2838    0    0    0
2839    0    0    0
2840    0    0    0
2841    0    0    0
2842    0    0    0
2843    0    0    0
2844    0    0    0
2845    0    0    0
2846    0    0    0
2847    0    0    0
2848    0    0    0
2849    0    0    0
2850    0    0    0
2851    0    0    0
2852    0    0    0
2853    0    0    0
2854    0    0    0
2855    0    0    0
2856    0    0    0
2857    0    0    0
2858    0    0    0
2859    0    0    0
2860    0    0    0
2861    0    0    0
2862    0    0    0
2863    0    0    0
2864    0    0    0
2865    0    0    0
2866    0    0    0
2867    0    0    0
2868    0    0    0
2869    0    0    0
2870    0    0    0
2871    0    0    0
2872    0    0    0
2873    0    0    0
2874    0    0    0
2875    0    0    0
2876    0    0    0
2877    0    0    0
2878    0    0    0
2879    0    0    0
2880    0    0    0
2881    0    0    0
2882    0    0    0
2883    0    0    0
2884    0    0    0
2885    0    0    0
2886    0    0    0
2887    0    0    0
2888    0    0    0
2889    0    0    0
2890    0    0    0
2891    0    0    0
2892    0    0    0
2893    0    0    0
2894    0    0    0
2895    0    0    0
2896    0    0    0
2897    0    0    0
2898    0    0    0
2899    0    0    0
2900    0    0    0
2901    0    0    0
2902    0    0    0
2903    0    0    0
2904    0    0    0
2905    0    0    0
2906    0    0    0
2907    0    0    0
2908    0    0    0
2909    0    0    0
2910    0    0    0
2911    0    0    0
2912    0    0    0
2913    0    0    0
2914    0    0    0
2915    0    0    0
2916    0    0    0
2917    0    0    0
2918    0    0    0
2919    0    0    0
2920    0    0    0
2921    0    0    0
2922    0    0    0
2923    0    0    0
2924    0    0    0
2925    0    0    0
2926    0    0    0
2927    0    0    0
2928    0    0    0
2929    0    0    0
2930    0    0    0
2931    0    0    0
2932    0    0    0
2933    0    0    0
2934    0    0    0
2935    0    0    0
2936    0    0    0
2937    0    0    0
2938    0    0    0
2939    0    0    0
2940    0    0    0
2941    0    0    0
2942    0    0    0
2943    0    0    0
2944    0    0    0
2945    0    0    0
2946    0    0    0
2947    0    0    0
2948    0    0    0
2949    0    0    0
2950    0    0    0
2951    0    0    0
2952    0    0    0
2953    0    0    0
2954    0    0    0
2955    0    0    0
2956    0    0    0
2957    0    0    0
2958    0    0    0
2959    0    0    0
2960    0    0    0
2961    0    0    0
2962    0    0    0
2963    0    0    0
2964    0    0    0
2965    0    0    0
2966    0    0    0
2967    0    0    0
2968    0    0    0
2969    0    0    0
2970    0    0    0
2971    0    0    0
2972    0    0    0
2973    0    0    0
2974    0    0    0
2975    0    0    0
2976    0    0    0
2977    0    0    0
2978    0    0    0
2979    0    0    0
2980    0    0    0
2981    0    0    0
2982    0    0    0
2983    0    0    0
2984    0    0    0
2985    0    0    0
2986    0    0    0
2987    0    0    0
2988    0    0    0
2989    0    0    0
2990    0    0    0
2991    0    0    0
2992    0    0    0
2993    0    0    0
2994    0    0    0
2995    0    0    0
2996    0    0    0
2997    0    0    0
2998    0    0    0
2999    0    0    0
3000    0    0    0
3001    0    0    0
3002    0    0    0
3003    0    0    0
3004    0    0    0
3005    0    0    0
3006    0    0    0
3007    0    0    0
3008    0    0    0
3009    0    0    0
3010    0    0    0
3011    0    0    0
3012    0    0    0
3013    0    0    0
3014    0    0    0
3015    0    0    0
3016    0    0    0
3017    0    0    0
3018    0    0    0
3019    0    0    0
3020    0    0    0
3021    0    0    0
3022    0    0    0
3023    0    0    0
3024    0    0    0
3025    0    0    0
3026    0    0    0
3027    0    0    0
3028    0    0    0
3029    0    0    0
3030    0    0    0
3031    0    0    0
3032    0    0    0
3033    0    0    0
3034    0    0    0
3035    0    0    0
3036    0    0    0
3037    0    0    0
3038    0    0    0
3039    0    0    0
3040    0    0    0
3041    0    0    0
3042    0    0    0
3043    0    0    0
3044    0    0    0
3045    0    0    0
3046    0    0    0
3047    0    0    0
3048    0    0    0
3049    0    0    0
3050    0    0    0
3051    0    0    0
3052    0    0    0
3053    0    0    0
3054    0    0    0
3055    0    0    0
3056    0    0    0
3057    0    0    0
3058    0    0    0
3059    0    0    0
3060    0    0    0
3061    0    0    0
3062    0    0    0
3063    0    0    0
3064    0    0    0
3065    0    0    0
3066    0    0    0
3067    0    0    0
3068    0    0    0
3069    0    0    0
3070    0    0    0
3071    0    0    0
3072    0    0    0
3073    0    0    0
3074    0    0    0
3075    0    0    0
3076    0    0    0
3077    0    0    0
3078    0    0    0
3079    0    0    0
3080    0    0    0
3081    0    0    0
3082    0    0    0
3083    0    0    0
3084    0    0    0
3085    0    0    0
3086    0    0    0
3087    0    0    0
3088    0    0    0
3089    0    0    0
3090    0    0    0
3091    0    0    0
3092    0    0    0
3093    0    0    0
3094    0    0    0
3095    0    0    0
3096    0    0    0
3097    0    0    0
3098    0    0    0
3099    0    0    0
3100    0    0    0
3101    0    0    0
3102    0    0    0
3103    0    0    0
3104    0    0    0
3105    0    0    0
3106    0    0    0
3107    0    0    0
3108    0    0    0
3109    0    0    0
3110    0    0    0
3111    0    0    0
3112    0    0    0
3113    0    0    0
3114    0    0    0
3115    0    0    0
3116    0    0    0
3117    0    0    0
3118    0    0    0
3119    0    0    0
3120    0    0    0
3121    0    0    0
3122    0    0    0
3123    0    0    0
3124    0    0    0
3125    0    0    0
3126    0    0    0
3127    0    0    0
3128    0    0    0
3129    0    0    0
3130    0    0    0
3131    0    0    0
3132    0    0    0
3133    0    0    0
3134    0    0    0
3135    0    0    0
3136    0    0    0
3137    0    0    0
3138    0    0    0
3139    0    0    0
3140    0    0    0
3141    0    0    0
3142    0    0    0
3143    0    0    0
3144    0    0    0
3145    0    0    0
3146    0    0    0
3147    0    0    0
3148    0    0    0
3149    0    0    0
3150    0    0    0
3151    0    0    0
3152    0    0    0
3153    0    0    0
3154    0    0    0
3155    0    0    0
3156    0    0    0
3157    0    0    0
3158    0    0    0
3159    0    0    0
3160    0    0    0
3161    0    0    0
3162    0    0    0
3163    0    0    0
3164    0    0    0
3165    0    0    0
3166    0    0    0
3167    0    0    0
3168    0    0    0
3169    0    0    0
3170    0    0    0
3171    0    0    0
3172    0    0    0
3173    0    0    0
3174    0    0    0
3175    0    0    0
3176    0    0    0
3177    0    0    0
3178    0    0    0
3179    0    0    0
3180    0    0    0
3181    0    0    0
3182    0    0    0
3183    0    0    0
3184    0    0    0
3185    0    0    0
3186    0    0    0
3187    0    0    0
3188    0    0    0
3189    0    0    0
3190    0    0    0
3191    0    0    0
3192    0    0    0
3193    0    0    0
3194    0    0    0
3195    0    0    0
3196    0    0    0
3197    0    0    0
3198    0    0    0
3199    0    0    0
3200    0    0    0
3201    0    0    0
3202    0    0    0
3203    0    0    0
3204    0    0    0
3205    0    0    0
3206    0    0    0
3207    0    0    0
3208    0    0    0
3209    0    0    0
3210    0    0    0
3211    0    0    0
3212    0    0    0
3213    0    0    0
3214    0    0    0
3215    0    0    0
3216    0    0    0
3217    0    0    0
3218    0    0    0
3219    0    0    0
3220    0    0    0
3221    0    0    0
3222    0    0    0
3223    0    0    0
3224    0    0    0
3225    0    0    0
3226    0    0    0
3227    0    0    0
3228    0    0    0
3229    0    0    0
3230    0    0    0
3231    0    0    0
3232    0    0    0
3233    0    0    0
3234    0    0    0
3235    0    0    0
3236    0    0    0
3237    0    0    0
3238    0    0    0
3239    0    0    0
3240    0    0    0
3241    0    0    0
3242    0    0    0
3243    0    0    0
3244    0    0    0
3245    0    0    0
3246    0    0    0
3247    0    0    0
3248    0    0    0
3249    0    0    0
3250    0    0    0
3251    0    0    0
3252    0    0    0
3253    0    0    0
3254    0    0    0
3255    0    0    0
3256    0    0    0
3257    0    0    0
3258    0    0    0
3259    0    0    0
3260    0    0    0
3261    0    0    0
3262    0    0    0
3263    0    0    0
3264    0    0    0
3265    0    0    0
3266    0    0    0
3267    0    0    0
3268    0    0    0
3269    0    0    0
3270    0    0    0
3271    0    0    0
3272    0    0    0
3273    0    0    0
3274    0    0    0
3275    0    0    0
3276    0    0    0
3277    0    0    0
3278    0    0    0
3279    0    0    0
3280    0    0    0
3281    0    0    0
3282    0    0    0
3283    0    0    0
3284    0    0    0
3285    0    0    0
3286    0    0    0
3287    0    0    0
3288    0    0    0
3289    0    0    0
3290    0    0    0
3291    0    0    0
3292    0    0    0
3293    0    0    0
3294    0    0    0
3295    0    0    0
3296    0    0    0
3297    0    0    0
3298    0    0    0
3299    0    0    0
3300    0    0    0
3301    0    0    0
3302    0    0    0
3303    0    0    0
3304    0    0    0
3305    0    0    0
3306    0    0    0
3307    0    0    0
3308    0    0    0
3309    0    0    0
3310    0    0    0
3311    0    0    0
3312    0    0    0
3313    0    0    0
3314    0    0    0
3315    0    0    0
3316    0    0    0
3317    0    0    0
3318    0    0    0
3319    0    0    0
3320    0    0    0
3321    0    0    0
3322    0    0    0
3323    0    0    0
3324    0    0    0
3325    0    0    0
3326    0    0    0
3327    0    0    0
3328    0    0    0
3329    0    0    0
3330    0    0    0
3331    0    0    0
3332    0    0    0
3333    0    0    0
3334    0    0    0
3335    0    0    0
3336    0    0    0
3337    0    0    0
3338    0    0    0
3339    0    0    0
3340    0    0    0
3341    0    0    0
3342    0    0    0
3343    0    0    0
3344    0    0    0
3345    0    0    0
3346    0    0    0
3347    0    0    0
3348    0    0    0
3349    0    0    0
3350    0    0    0
3351    0    0    0
3352    0    0    0
3353    0    0    0
3354    0    0    0
3355    0    0    0
3356    0    0    0
3357    0    0    0
3358    0    0    0
3359    0    0    0
3360    0    0    0
3361    0    0    0
3362    0    0    0
3363    0    0    0
3364    0    0    0
3365    0    0    0
3366    0    0    0
3367    0    0    0
3368    0    0    0
3369    0    0    0
3370    0    0    0
3371    0    0    0
3372    0    0    0
3373    0    0    0
3374    0    0    0
3375    0    0    0
3376    0    0    0
3377    0    0    0
3378    0    0    0
3379    0    0    0
3380    0    0    0
3381    0    0    0
3382    0    0    0
3383    0    0    0
3384    0    0    0
3385    0    0    0
3386    0    0    0
3387    0    0    0
3388    0    0    0
3389    0    0    0
3390    0    0    0
3391    0    0    0
3392    0    0    0
3393    0    0    0
3394    0    0    0
3395    0    0    0
3396    0    0    0
3397    0    0    0
3398    0    0    0
3399    0    0    0
3400    0    0    0
3401    0    0    0
3402    0    0    0
3403    0    0    0
3404    0    0    0
3405    0    0    0
3406    0    0    0
3407    0    0    0
3408    0    0    0
3409    0    0    0
3410    0    0    0
3411    0    0    0
3412    0    0    0
3413    0    0    0
3414    0    0    0
3415    0    0    0
3416    0    0    0
3417    0    0    0
3418    0    0    0
3419    0    0    0
3420    0    0    0
3421    0    0    0
3422    0    0    0
3423    0    0    0
3424    0    0    0
3425    0    0    0
3426    0    0    0
3427    0    0    0
3428    0    0    0
3429    0    0    0
3430    0    0    0
3431    0    0    0
3432    0    0    0
3433    0    0    0
3434    0    0    0
3435    0    0    0
3436    0    0    0
3437    0    0    0
3438    0    0    0
3439    0    0    0
3440    0    0    0
3441    0    0    0
3442    0    0    0
3443    0    0    0
3444    0    0    0
3445    0    0    0
3446    0    0    0
3447    0    0    0
3448    0    0    0
3449    0    0    0
3450    0    0    0
3451    0    0    0
3452    0    0    0
3453    0    0    0
3454    0    0    0
3455    0    0    0
3456    0    0    0
3457    0    0    0
3458    0    0    0
3459    0    0    0
3460    0    0    0
3461    0    0    0
3462    0    0    0
3463    0    0    0
3464    0    0    0
3465    0    0    0
3466    0    0    0
3467    0    0    0
3468    0    0    0
3469    0    0    0
3470    0    0    0
3471    0    0    0
3472    0    0    0
3473    0    0    0
3474    0    0    0
3475    0    0    0
3476    0    0    0
3477    0    0    0
3478    0    0    0
3479    0    0    0
3480    0    0    0
3481    0    0    0
3482    0    0    0
3483    0    0    0
3484    0    0    0
3485    0    0    0
3486    0    0    0
3487    0    0    0
3488    0    0    0
3489    0    0    0
3490    0    0    0
3491    0    0    0
3492    0    0    0
3493    0    0    0
3494    0    0    0
3495    0    0    0
3496    0    0    0
3497    0    0    0
3498    0    0    0
3499    0    0    0
3500    0    0    0
3501    0    0    0
3502    0    0    0
3503    0    0    0
3504    0    0    0
3505    0    0    0
3506    0    0    0
3507    0    0    0
3508    0    0    0
3509    0    0    0
3510    0    0    0
3511    0    0    0
3512    0    0    0
3513    0    0    0
3514    0    0    0
3515    0    0    0
3516    0    0    0
3517    0    0    0
3518    0    0    0
3519    0    0    0
3520    0    0    0
3521    0    0    0
3522    0    0    0
3523    0    0    0
3524    0    0    0
3525    0    0    0
3526    0    0    0
3527    0    0    0
3528    0    0    0
3529    0    0    0
3530    0    0    0
3531    0    0    0
3532    0    0    0
3533    0    0    0
3534    0    0    0
3535    0    0    0
3536    0    0    0
3537    0    0    0
3538    0    0    0
3539    0    0    0
3540    0    0    0
3541    0    0    0
3542    0    0    0
3543    0    0    0
3544    0    0    0
3545    0    0    0
3546    0    0    0
3547    0    0    0
3548    0    0    0
3549    0    0    0
3550    0    0    0
3551    0    0    0
3552    0    0    0
3553    0    0    0
3554    0    0    0
3555    0    0    0
3556    0    0    0
3557    0    0    0
3558    0    0    0
3559    0    0    0
3560    0    0    0
3561    0    0    0
3562    0    0    0
3563    0    0    0
3564    0    0    0
3565    0    0    0
3566    0    0    0
3567    0    0    0
3568    0    0    0
3569    0    0    0
3570    0    0    0
3571    0    0    0
3572    0    0    0
3573    0    0    0
3574    0    0    0
3575    0    0    0
3576    0    0    0
3577    0    0    0
3578    0    0    0
3579    0    0    0
3580    0    0    0
3581    0    0    0
3582    0    0    0
3583    0    0    0
3584    0    0    0
3585    0    0    0
3586    0    0    0
3587    0    0    0
3588    0    0    0
3589    0    0    0
3590    0    0    0
3591    0    0    0
3592    0    0    0
3593    0    0    0
3594    0    0    0
3595    0    0    0
3596    0    0    0
3597    0    0    0
3598    0    0    0
3599    0    0    0
3600    0    0    0
3601    0    0    0
3602    0    0    0
3603    0    0    0
3604    0    0    0
3605    0    0    0
3606    0    0    0
3607    0    0    0
3608    0    0    0
3609    0    0    0
3610    0    0    0
3611    0    0    0
3612    0    0    0
3613    0    0    0
3614    0    0    0
3615    0    0    0
3616    0    0    0
3617    0    0    0
3618    0    0    0
3619    0    0    0
3620    0    0    0
3621    0    0    0
3622    0    0    0
3623    0    0    0
3624    0    0    0
3625    0    0    0
3626    0    0    0
3627    0    0    0
3628    0    0    0
3629    0    0    0
3630    0    0    0
3631    0    0    0
3632    0    0    0
3633    0    0    0
3634    0    0    0
3635    0    0    0
3636    0    0    0
3637    0    0    0
3638    0    0    0
3639    0    0    0
3640    0    0    0
3641    0    0    0
3642    0    0    0
3643    0    0    0
3644    0    0    0
3645    0    0    0
3646    0    0    0
3647    0    0    0
3648    0    0    0
3649    0    0    0
3650    0    0    0
3651    0    0    0
3652    0    0    0
3653    0    0    0
3654    0    0    0
3655    0    0    0
3656    0    0    0
3657    0    0    0
3658    0    0    0
3659    0    0    0
3660    0    0    0
3661    0    0    0
3662    0    0    0
3663    0    0    0
3664    0    0    0
3665    0    0    0
3666    0    0    0
3667    0    0    0
3668    0    0    0
3669    0    0    0
3670    0    0    0
3671    0    0    0
3672    0    0    0
3673    0    0    0
3674    0    0    0
3675    0    0    0
3676    0    0    0
3677    0    0    0
3678    0    0    0
3679    0    0    0
3680    0    0    0
3681    0    0    0
3682    0    0    0
3683    0    0    0
3684    0    0    0
3685    0    0    0
3686    0    0    0
3687    0    0    0
3688    0    0    0
3689    0    0    0
3690    0    0    0
3691    0    0    0
3692    0    0    0
3693    0    0    0
3694    0    0    0
3695    0    0    0
3696    0    0    0
3697    0    0    0
3698    0    0    0
3699    0    0    0
3700    0    0    0
3701    0    0    0
3702    0    0    0
3703    0    0    0
3704    0    0    0
3705    0    0    0
3706    0    0    0
3707    0    0    0
3708    0    0    0
3709    0    0    0
3710    0    0    0
3711    0    0    0
3712    0    0    0
3713    0    0    0
3714    0    0    0
3715    0    0    0
3716    0    0    0
3717    0    0    0
3718    0    0    0
3719    0    0    0
3720    0    0    0
3721    0    0    0
3722    0    0    0
3723    0    0    0
3724    0    0    0
3725    0    0    0
3726    0    0    0
3727    0    0    0
3728    0    0    0
3729    0    0    0
3730    0    0    0
3731    0    0    0
3732    0    0    0
3733    0    0    0
3734    0    0    0
3735    0    0    0
3736    0    0    0
3737    0    0    0
3738    0    0    0
3739    0    0    0
3740    0    0    0
3741    0    0    0
3742    0    0    0
3743    0    0    0
3744    0    0    0
3745    0    0    0
3746    0    0    0
3747    0    0    0
3748    0    0    0
3749    0    0    0
3750    0    0    0
3751    0    0    0
3752    0    0    0
3753    0    0    0
3754    0    0    0
3755    0    0    0
3756    0    0    0
3757    0    0    0
3758    0    0    0
3759    0    0    0
3760    0    0    0
3761    0    0    0
3762    0    0    0
3763    0    0    0
3764    0    0    0
3765    0    0    0
3766    0    0    0
3767    0    0    0
3768    0    0    0
3769    0    0    0
3770    0    0    0
3771    0    0    0
3772    0    0    0
3773    0    0    0
3774    0    0    0
3775    0    0    0
3776    0    0    0
3777    0    0    0
3778    0    0    0
3779    0    0    0
3780    0    0    0
3781    0    0    0
3782    0    0    0
3783    0    0    0
3784    0    0    0
3785    0    0    0
3786    0    0    0
3787    0    0    0
3788    0    0    0
3789    0    0    0
3790    0    0    0
3791    0    0    0
3792    0    0    0
3793    0    0    0
3794    0    0    0
3795    0    0    0
3796    0    0    0
3797    0    0    0
3798    0    0    0
3799    0    0    0
3800    0    0    0
3801    0    0    0
3802    0    0    0
3803    0    0    0
3804    0    0    0
3805    0    0    0
3806    0    0    0
3807    0    0    0
3808    0    0    0
3809    0    0    0
3810    0    0    0
3811    0    0    0
3812    0    0    0
3813    0    0    0
3814    0    0    0
3815    0    0    0
3816    0    0    0
3817    0    0    0
3818    0    0    0
3819    0    0    0
3820    0    0    0
3821    0    0    0
3822    0    0    0
3823    0    0    0
3824    0    0    0
3825    0    0    0
3826    0    0    0
3827    0    0    0
3828    0    0    0
3829    0    0    0
3830    0    0    0
3831    0    0    0
3832    0    0    0
3833    0    0    0
3834    0    0    0
3835    0    0    0
3836    0    0    0
3837    0    0    0
3838    0    0    0
3839    0    0    0
3840    0    0    0
3841    0    0    0
3842    0    0    0
3843    0    0    0
3844    0    0    0
3845    0    0    0
3846    0    0    0
3847    0    0    0
3848    0    0    0
3849    0    0    0
3850    0    0    0
3851    0    0    0
3852    0    0    0
3853    0    0    0
3854    0    0    0
3855    0    0    0
3856    0    0    0
3857    0    0    0
3858    0    0    0
3859    0    0    0
3860    0    0    0
3861    0    0    0
3862    0    0    0
3863    0    0    0
3864    0    0    0
3865    0    0    0
3866    0    0    0
3867    0    0    0
3868    0    0    0
3869    0    0    0
3870    0    0    0
3871    0    0    0
3872    0    0    0
3873    0    0    0
3874    0    0    0
3875    0    0    0
3876    0    0    0
3877    0    0    0
3878    0    0    0
3879    0    0    0
3880    0    0    0
3881    0    0    0
3882    0    0    0
3883    0    0    0
3884    0    0    0
3885    0    0    0
3886    0    0    0
3887    0    0    0
3888    0    0    0
3889    0    0    0
3890    0    0    0
3891    0    0    0
3892    0    0    0
3893    0    0    0
3894    0    0    0
3895    0    0    0
3896    0    0    0
3897    0    0    0
3898    0    0    0
3899    0    0    0
3900    0    0    0
3901    0    0    0
3902    0    0    0
3903    0    0    0
3904    0    0    0
3905    0    0    0
3906    0    0    0
3907    0    0    0
3908    0    0    0
3909    0    0    0
3910    0    0    0
3911    0    0    0
3912    0    0    0
3913    0    0    0
3914    0    0    0
3915    0    0    0
3916    0    0    0
3917    0    0    0
3918    0    0    0
3919    0    0    0
3920    0    0    0
3921    0    0    0
3922    0    0    0
3923    0    0    0
3924    0    0    0
3925    0    0    0
3926    0    0    0
3927    0    0    0
3928    0    0    0
3929    0    0    0
3930    0    0    0
3931    0    0    0
3932    0    0    0
3933    0    0    0
3934    0    0    0
3935    0    0    0
3936    0    0    0
3937    0    0    0
3938    0    0    0
3939    0    0    0
3940    0    0    0
3941    0    0    0
3942    0    0    0
3943    0    0    0
3944    0    0    0
3945    0    0    0
3946    0    0    0
3947    0    0    0
3948    0    0    0
3949    0    0    0
3950    0    0    0
3951    0    0    0
3952    0    0    0
3953    0    0    0
3954    0    0    0
3955    0    0    0
3956    0    0    0
3957    0    0    0
3958    0    0    0
3959    0    0    0
3960    0    0    0
3961    0    0    0
3962    0    0    0
3963    0    0    0
3964    0    0    0
3965    0    0    0
3966    0    0    0
3967    0    0    0
3968    0    0    0
3969    0    0    0
3970    0    0    0
3971    0    0    0
3972    0    0    0
3973    0    0    0
3974    0    0    0
3975    0    0    0
3976    0    0    0
3977    0    0    0
3978    0    0    0
3979    0    0    0
3980    0    0    0
3981    0    0    0
3982    0    0    0
3983    0    0    0
3984    0    0    0
3985    0    0    0
3986    0    0    0
3987    0    0    0
3988    0    0    0
3989    0    0    0
3990    0    0    0
3991    0    0    0
3992    0    0    0
3993    0    0    0
3994    0    0    0
3995    0    0    0
3996    0    0    0
3997    0    0    0
3998    0    0    0
3999    0    0    0
4000    0    0    0
4001    0    0    0
4002    0    0    0
4003    0    0    0
4004    0    0    0
4005    0    0    0
4006    0    0    0
4007    0    0    0
4008    0    0    0
4009    0    0    0
4010    0    0    0
4011    0    0    0
4012    0    0    0
4013    0    0    0
4014    0    0    0
4015    0    0    0
4016    0    0    0
4017    0    0    0
4018    0    0    0
4019    0    0    0
4020    0    0    0
4021    0    0    0
4022    0    0    0
4023    0    0    0
4024    0    0    0
4025    0    0    0
4026    0    0    0
4027    0    0    0
4028    0    0    0
4029    0    0    0
4030    0    0    0
4031    0    0    0
4032    0    0    0
4033    0    0    0
4034    0    0    0
4035    0    0    0
4036    0    0    0
4037    0    0    0
4038    0    0    0
4039    0    0    0
4040    0    0    0
4041    0    0    0
4042    0    0    0
4043    0    0    0
4044    0    0    0
4045    0    0    0
4046    0    0    0
4047    0    0    0
4048    0    0    0
4049    0    0    0
4050    0    0    0
4051    0    0    0
4052    0    0    0
4053    0    0    0
4054    0    0    0
4055    0    0    0
4056    0    0    0
4057    0    0    0
4058    0    0    0
4059    0    0    0
4060    0    0    0
4061    0    0    0
4062    0    0    0
4063    0    0    0
4064    0    0    0
4065    0    0    0
4066    0    0    0
4067    0    0    0
4068    0    0    0
4069    0    0    0
4070    0    0    0
4071    0    0    0
4072    0    0    0
4073    0    0    0
4074    0    0    0
4075    0    0    0
4076    0    0    0
4077    0    0    0
4078    0    0    0
4079    0    0    0
4080    0    0    0
4081    0    0    0
4082    0    0    0
4083    0    0    0
4084    0    0    0
4085    0    0    0
4086    0    0    0
4087    0    0    0
4088    0    0    0
4089    0    0    0
4090    0    0    0
4091    0    0    0
4092    0    0    0
4093    0    0    0
4094    0    0    0
4095    0    0    0
4096    0    0    0
