0    0    0    0
1    0    0    0
2    0    0    0
3    0    0    0
4    0    0    0
5    0    0    0
6    0    0    0
7    0    0    0
8    0    0    0
9    0    0    0
10    0    0    0
11    0    0    0
12    0    0    0
13    0    0    0
14    0    0    0
15    0    0    0
16    0    0    0
17    0    0    0
18    0    0    0
19    0    0    0
20    0    0    0
21    0    0    0
22    0    0    0
23    0    0    0
24    0    0    0
25    0    0    0
26    0    0    0
27    0    0    0
28    0    0    0
29    0    0    0
30    0    0    0
31    0    0    0
32    0    0    0
33    0    0    0
34    0    0    0
35    0    0    0
36    0    0    0
37    0    0    0
38    0    0    0
39    0    0    0
40    0    0    0
41    0    0    0
42    0    0    0
43    0    0    0
44    0    0    0
45    0    0    0
46    0    0    0
47    0    0    0
48    0    0    0
49    0    0    0
50    0    0    0
51    0    0    0
52    0    0    0
53    0    0    0
54    0    0    0
55    0    0    0
56    0    0    0
57    0    0    0
58    0    0    0
59    0    0    0
60    0    0    0
61    0    0    0
62    0    0    0
63    0    0    0
64    0    0    0
65    0    0    0
66    0    0    0
67    0    0    0
68    0    0    0
69    0    0    0
70    0    0    0
71    0    0    0
72    0    0    0
73    0    0    0
74    0    0    0
75    0    0    0
76    0    0    0
77    0    0    0
78    0    0    0
79    0    0    0
80    0    0    0
81    0    0    0
82    0    0    0
83    0    0    0
84    0    0    0
85    0    0    0
86    0    0    0
87    0    0    0
88    0    0    0
89    0    0    0
90    0    0    0
91    0    0    0
92    0    0    0
93    0    0    0
94    0    0    0
95    0    0    0
96    0    0    0
97    0    0    0
98    0    0    0
99    0    0    0
100    0    0    0
101    0    0    0
102    0    0    0
103    0    0    0
104    0    0    0
105    0    0    0
106    0    0    0
107    0    0    0
108    0    0    0
109    0    0    0
110    0    0    0
111    0    0    0
112    0    0    0
113    0    0    0
114    0    0    0
115    0    0    0
116    0    0    0
117    0    0    0
118    0    0    0
119    0    0    0
120    0    0    0
121    0    0    0
122    0    0    0
123    0    0    0
124    0    0    0
125    0    0    0
126    0    0    0
127    0    0    0
128    0    0    0
129    0    0    0
130    0    0    0
131    0    0    0
132    0    0    0
133    0    0    0
134    0    0    0
135    0    0    0
136    0    0    0
137    0    0    0
138    0    0    0
139    0    0    0
140    0    0    0
141    0    0    0
142    0    0    0
143    0    0    0
144    0    0    0
145    0    0    0
146    0    0    0
147    0    0    0
148    0    0    0
149    0    0    0
150    0    0    0
151    0    0    0
152    0    0    0
153    0    0    0
154    0    0    0
155    0    0    0
156    0    0    0
157    0    0    0
158    0    0    0
159    0    0    0
160    0    0    0
161    0    0    0
162    0    0    0
163    0    0    0
164    0    0    0
165    0    0    0
166    0    0    0
167    0    0    0
168    0    0    0
169    0    0    0
170    0    0    0
171    0    0    0
172    0    0    0
173    0    0    0
174    0    0    0
175    0    0    0
176    0    0    0
177    0    0    0
178    0    0    0
179    0    0    0
180    0    0    0
181    0    0    0
182    0    0    0
183    0    0    0
184    0    0    0
185    0    0    0
186    0    0    0
187    0    0    0
188    0    0    0
189    0    0    0
190    0    0    0
191    0    0    0
192    0    0    0
193    0    0    0
194    0    0    0
195    0    0    0
196    0    0    0
197    0    0    0
198    0    0    0
199    0    0    0
200    0    0    0
201    0    0    0
202    0    0    0
203    0    0    0
204    0    0    0
205    0    0    0
206    0    0    0
207    0    0    0
208    0    0    0
209    0    0    0
210    0    0    0
211    0    0    0
212    0    0    0
213    0    0    0
214    0    0    0
215    0    0    0
216    0    0    0
217    0    0    0
218    0    0    0
219    0    0    0
220    0    0    0
221    0    0    0
222    0    0    0
223    0    0    0
224    0    0    0
225    0    0    0
226    0    0    0
227    0    0    0
228    0    0    0
229    0    0    0
230    0    0    0
231    0    0    0
232    0    0    0
233    0    0    0
234    0    0    0
235    0    0    0
236    0    0    0
237    0    0    0
238    0    0    0
239    0    0    0
240    0    0    0
241    0    0    0
242    0    0    0
243    0    0    0
244    0    0    0
245    0    0    0
246    0    0    0
247    0    0    0
248    0    0    0
249    0    0    0
250    0    0    0
251    0    0    0
252    0    0    0
253    0    0    0
254    0    0    0
255    0    0    0
256    0    0    1
257    0    0    0
258    0    0    1
259    0    0    0
260    0    0    0
261    0    0    0
262    0    0    0
263    0    0    0
264    0    0    0
265    0    0    0
266    0    0    0
267    0    0    0
268    0    0    0
269    0    0    0
270    0    0    0
271    0    0    0
272    0    1    0
273    0    0    0
274    0    0    0
275    0    0    0
276    0    0    0
277    0    0    0
278    0    0    0
279    0    0    0
280    0    0    0
281    0    0    0
282    0    0    0
283    0    0    0
284    0    0    0
285    0    1    0
286    0    0    0
287    0    0    0
288    0    0    0
289    0    0    0
290    0    0    0
291    0    0    0
292    0    0    0
293    0    0    1
294    0    0    0
295    0    0    0
296    1    0    0
297    0    0    0
298    0    0    0
299    0    0    0
300    0    0    0
301    0    0    0
302    0    0    0
303    0    0    0
304    0    0    0
305    0    0    0
306    0    0    0
307    0    0    0
308    0    0    0
309    1    0    0
310    0    0    0
311    0    0    0
312    0    0    0
313    0    0    0
314    0    0    0
315    0    0    0
316    0    0    0
317    0    0    0
318    0    0    0
319    0    0    0
320    0    0    0
321    0    0    0
322    0    0    0
323    1    0    0
324    0    0    0
325    0    0    0
326    0    0    0
327    0    0    0
328    0    0    0
329    0    0    0
330    0    0    0
331    0    0    0
332    0    0    0
333    0    0    0
334    0    0    1
335    0    0    0
336    0    0    2
337    0    0    8
338    0    0   16
339    0    0   35
340    0    0  117
341    0    0  211
342    0    0  292
343    0    0  295
344    0    0  318
345    0    0  348
346    0    0  334
347    0    0  365
348    0    0  301
349    0    0  330
350    0    0  327
351    0    0  346
352    0    0  342
353    0    1  354
354    0    0  334
355    0    0  327
356    0    0  333
357    0    0  328
358    0    0  330
359    0    0  338
360    0    0  329
361    0    0  351
362    0    0  319
363    0    0  385
364    0    2  298
365    0    1  375
366    0   16  336
367    0   48  384
368    0   95  316
369    0  206  334
370    0  246  329
371    1  311  339
372    4  311  328
373   21  335  351
374   73  356  355
375  171  336  321
376  281  330  326
377  325  336  332
378  353  345  340
379  342  376  328
380  344  375  335
381  339  382  336
382  335  375  315
383  481  514  444
384  238  234  233
385  390  352  337
386  349  296  331
387  368  343  368
388  327  320  329
389  339  340  329
390  347  337  316
391  383  394  387
392  293  314  311
393  321  344  322
394  286  302  333
395  337  302  347
396  330  193  322
397  348  180  343
398  361  164  326
399  424  233  375
400  354  224  318
401  327  283  330
402  328  259  335
403  387  192  356
404  344  162  338
405  341  218  335
406  402  293  349
407  354  323  381
408  296  312  289
409  337  331  340
410  374  344  329
411  373  362  336
412  312  307  339
413  366  338  333
414  352  334  336
415  401  369  403
416  351  328  314
417  360  343  322
418  337  330  293
419  358  325  322
420  352  313  353
421  337  353  349
422  379  332  345
423  364  353  326
424  321  313  312
425  358  368  360
426  320  294  293
427  377  372  346
428  340  322  336
429  385  374  349
430  312  310  308
431  416  390  399
432  319  323  326
433  328  344  330
434  380  330  353
435  300  326  314
436  386  361  316
437  365  334  325
438  357  346  321
439  357  344  354
440  309  321  303
441  364  351  343
442  367  301  319
443  382  368  337
444  335  308  355
445  361  329  300
446  355  327  350
447  485  466  398
448  264  242  262
449  360  343  364
450  345  345  325
451  389  318  339
452  359  337  298
453  327  367  343
454  356  361  315
455  383  361  369
456  318  292  336
457  388  344  367
458  307  330  292
459  391  374  377
460  301  304  302
461  395  354  374
462  340  316  311
463  414  406  376
464  334  302  312
465  332  337  362
466  382  345  355
467  364  365  313
468  319  307  296
469  338  367  318
470  355  390  378
471  386  316  335
472  294  322  314
473  337  300  328
474  376  366  355
475  399  371  352
476  314  350  327
477  357  299  282
478  370  352  348
479  382  417  365
480  314  296  297
481  363  343  340
482  361  306  329
483  356  343  341
484  328  336  308
485  370  326  333
486  350  337  326
487  338  348  356
488  318  292  322
489  386  382  355
490  306  316  291
491  369  368  329
492  331  307  314
493  384  361  335
494  341  329  307
495  390  397  369
496  322  307  298
497  324  342  297
498  367  315  348
499  335  338  316
500  362  319  370
501  325  316  299
502  380  316  293
503  335  351  314
504  307  274  282
505  282  273  258
506  268  220  227
507  252  246  242
508  259  239  266
509  273  273  270
510  322  301  299
511  392  376  351
512  332  296  282
513  352  327  310
514  342  313  302
515  330  392  342
516  351  298  310
517  372  312  317
518  336  341  321
519  374  373  361
520  343  326  306
521  347  351  327
522  336  344  299
523  400  356  403
524  299  304  291
525  338  382  360
526  317  309  289
527  411  399  383
528  327  332  291
529  324  341  317
530  361  331  349
531  342  353  319
532  349  312  311
533  341  324  349
534  382  354  325
535  363  346  341
536  328  322  274
537  317  326  342
538  343  343  349
539  343  380  336
540  329  314  295
541  332  313  325
542  355  336  323
543  383  384  405
544  298  283  288
545  363  335  342
546  353  343  322
547  340  307  310
548  312  359  361
549  357  343  361
550  367  324  341
551  351  371  338
552  302  274  323
553  375  358  369
554  339  327  306
555  377  326  330
556  319  286  313
557  399  403  379
558  269  300  339
559  406  345  390
560  316  286  289
561  312  341  336
562  348  349  367
563  332  329  336
564  369  350  353
565  337  320  347
566  365  328  305
567  371  356  338
568  322  320  342
569  341  341  337
570  347  327  337
571  342  326  329
572  339  360  340
573  347  321  364
574  319  315  319
575  449  400  378
576  317  269  315
577  323  331  341
578  305  312  312
579  365  364  378
580  321  301  329
581  388  346  325
582  330  325  335
583  320  357  319
584  322  305  319
585  402  396  371
586  338  290  319
587  400  373  366
588  291  302  287
589  355  348  372
590  343  331  313
591  426  388  368
592  317  298  340
593  334  309  297
594  357  386  365
595  369  325  357
596  337  307  318
597  350  312  330
598  407  353  368
599  348  332  323
600  313  333  333
601  357  309  319
602  345  322  355
603  388  380  373
604  353  311  308
605  365  330  321
606  345  337  366
607  423  408  386
608  305  277  257
609  340  347  350
610  334  324  316
611  337  336  325
612  367  349  337
613  370  352  339
614  367  316  323
615  310  346  345
616  358  311  327
617  373  352  354
618  321  319  285
619  386  374  340
620  342  305  370
621  393  376  363
622  310  329  300
623  391  396  414
624  307  331  341
625  355  339  317
626  366  335  346
627  347  325  309
628  328  361  346
629  355  328  333
630  378  356  340
631  344  315  320
632  333  338  324
633  390  347  362
634  357  350  315
635  353  373  350
636  332  287  355
637  366  352  313
638  355  340  300
639  466  445  441
640  258  255  222
641  338  336  343
642  346  341  339
643  343  359  345
644  356  306  329
645  383  366  312
646  336  337  335
647  332  343  373
648  298  299  299
649  357  339  351
650  325  330  305
651  393  368  347
652  281  307  282
653  398  380  384
654  338  331  308
655  385  359  361
656  340  354  312
657  280  307  309
658  393  368  362
659  396  345  341
660  380  359  333
661  315  307  327
662  392  371  341
663  373  353  336
664  317  329  301
665  333  324  303
666  359  342  336
667  382  346  357
668  314  304  308
669  326  324  339
670  332  341  352
671  462  395  380
672  277  259  254
673  384  343  318
674  340  345  344
675  329  337  313
676  365  306  311
677  352  357  347
678  312  317  320
679  364  377  351
680  303  293  259
681  408  413  339
682  296  300  304
683  371  379  328
684  332  335  323
685  388  383  340
686  301  293  316
687  394  378  340
688  341  318  341
689  325  337  320
690  394  335  328
691  297  316  318
692  363  355  318
693  353  336  318
694  325  357  363
695  393  360  337
696  291  295  317
697  370  331  329
698  343  340  304
699  355  334  352
700  322  324  369
701  347  340  317
702  360  335  317
703  407  397  386
704  320  277  287
705  365  339  343
706  316  331  308
707  362  371  354
708  326  311  304
709  351  338  340
710  332  320  322
711  343  349  314
712  285  319  312
713  387  358  345
714  312  299  292
715  390  372  401
716  273  301  260
717  368  343  361
718  296  305  303
719  372  391  357
720  332  358  303
721  324  303  311
722  397  335  370
723  349  330  322
724  331  311  316
725  312  326  303
726  349  347  349
727  332  355  326
728  319  322  325
729  348  335  328
730  341  311  360
731  400  353  353
732  317  304  310
733  337  318  349
734  350  351  333
735  431  372  361
736  290  270  282
737  372  345  354
738  326  319  354
739  331  334  320
740  330  295  335
741  390  348  360
742  333  317  312
743  324  360  350
744  299  293  325
745  368  330  365
746  339  316  305
747  367  344  363
748  317  300  298
749  373  343  379
750  305  316  306
751  351  359  370
752  340  318  330
753  364  319  321
754  330  374  338
755  329  309  337
756  321  314  344
757  312  351  308
758  359  350  352
759  347  317  338
760  245  282  280
761  300  287  272
762  247  228  200
763  283  221  242
764  220  206  246
765  273  253  260
766  295  299  299
767  509  514  489
768  220  222  212
769  354  315  334
770  337  305  337
771  344  328  356
772  354  326  328
773  361  352  324
774  317  309  342
775  361  365  349
776  331  276  308
777  392  343  329
778  312  281  309
779  388  389  366
780  325  284  299
781  370  329  367
782  330  322  311
783  412  360  419
784  310  309  307
785  340  319  326
786  352  345  358
787  341  332  330
788  374  340  329
789  327  355  307
790  377  354  343
791  377  355  357
792  351  299  294
793  325  333  333
794  350  336  338
795  364  338  345
796  327  333  319
797  351  317  328
798  381  342  335
799  388  377  356
800  319  300  304
801  347  376  337
802  345  315  312
803  339  320  290
804  358  362  348
805  345  365  341
806  352  331  297
807  385  349  343
808  294  295  298
809  376  375  381
810  303  301  304
811  359  365  348
812  337  331  318
813  401  367  366
814  321  305  287
815  415  421  385
816  323  301  296
817  330  327  316
818  379  358  385
819  280  296  316
820  391  360  371
821  330  326  276
822  367  373  341
823  371  344  344
824  307  334  304
825  324  335  325
826  374  313  336
827  327  347  306
828  369  373  339
829  332  328  335
830  326  322  331
831  426  385  381
832  291  287  296
833  337  338  323
834  316  325  306
835  386  374  332
836  316  309  355
837  365  357  310
838  280  309  328
839  377  339  316
840  320  324  305
841  380  376  351
842  288  308  262
843  399  374  381
844  295  301  278
845  366  358  377
846  321  313  288
847  442  382  411
848  303  281  289
849  321  319  286
850  382  343  388
851  337  370  330
852  313  321  327
853  314  318  310
854  389  357  362
855  318  313  320
856  325  307  318
857  318  320  339
858  361  352  355
859  414  331  364
860  302  298  287
861  338  338  304
862  342  338  367
863  390  358  371
864  279  281  296
865  366  333  339
866  322  354  342
867  322  343  276
868  329  331  301
869  363  347  368
870  326  329  313
871  322  331  312
872  316  283  307
873  387  348  311
874  291  311  313
875  386  391  381
876  305  313  303
877  393  380  362
878  289  272  291
879  409  410  394
880  353  298  283
881  333  294  301
882  365  354  317
883  315  310  316
884  374  334  328
885  350  314  302
886  346  329  348
887  303  357  323
888  328  325  340
889  372  325  301
890  355  309  318
891  328  353  378
892  372  338  293
893  334  323  343
894  314  310  306
895  407  431  401
896  241  245  219
897  354  334  341
898  327  291  320
899  338  339  340
900  324  304  310
901  336  363  304
902  322  326  313
903  371  353  344
904  269  288  277
905  386  327  334
906  314  321  286
907  357  368  391
908  315  296  269
909  360  381  345
910  299  309  284
911  359  387  360
912  313  308  328
913  320  308  284
914  389  381  348
915  325  310  337
916  362  328  322
917  287  276  318
918  370  372  366
919  351  352  344
920  279  299  301
921  321  335  298
922  334  329  341
923  405  316  360
924  303  304  312
925  298  336  304
926  368  320  323
927  346  372  389
928  303  273  283
929  335  303  333
930  311  327  335
931  307  298  306
932  367  376  329
933  354  344  330
934  298  291  324
935  350  383  377
936  253  260  266
937  415  347  357
938  300  277  284
939  372  327  362
940  285  304  307
941  376  333  399
942  288  276  282
943  413  441  379
944  333  310  320
945  299  293  302
946  370  337  351
947  305  303  313
948  377  370  360
949  329  311  311
950  345  309  374
951  350  333  354
952  312  296  282
953  351  328  312
954  348  338  343
955  313  308  310
956  340  344  346
957  337  307  348
958  351  298  346
959  380  377  358
960  299  276  304
961  389  317  341
962  322  334  323
963  380  353  335
964  303  313  322
965  362  289  313
966  339  335  326
967  348  314  322
968  302  283  291
969  399  371  361
970  274  293  303
971  405  361  363
972  278  291  285
973  386  367  369
974  301  302  303
975  385  387  382
976  332  297  310
977  299  303  282
978  404  372  352
979  358  329  340
980  316  323  341
981  316  298  283
982  375  357  361
983  358  366  342
984  318  269  275
985  328  298  309
986  342  337  355
987  378  400  399
988  289  266  284
989  334  322  315
990  337  339  356
991  395  370  369
992  295  278  282
993  369  375  332
994  332  309  313
995  328  313  325
996  347  346  330
997  359  355  363
998  327  322  298
999  335  342  375
1000  304  273  266
1001  402  386  363
1002  284  292  270
1003  355  357  395
1004  290  281  285
1005  387  400  343
1006  276  296  327
1007  405  370  413
1008  333  312  313
1009  331  319  304
1010  356  330  331
1011  344  302  330
1012  350  349  339
1013  307  323  307
1014  343  331  357
1015  323  313  313
1016  290  264  261
1017  282  293  255
1018  232  271  250
1019  233  212  256
1020  231  234  261
1021  314  288  296
1022  316  299  318
1023  297  295  244
1024  295  285  314
1025  332  330  366
1026  336  315  325
1027  338  343  346
1028  341  326  333
1029  358  311  338
1030  350  343  345
1031  346  354  367
1032  310  263  284
1033  370  382  384
1034  295  295  313
1035  386  327  382
1036  288  274  298
1037  372  398  370
1038  300  304  302
1039  465  360  401
1040  318  304  326
1041  297  280  312
1042  396  364  377
1043  357  343  343
1044  369  328  356
1045  285  312  288
1046  366  378  341
1047  367  333  352
1048  328  299  294
1049  323  300  325
1050  412  345  374
1051  364  339  372
1052  308  313  314
1053  351  316  292
1054  373  327  349
1055  417  378  407
1056  313  268  292
1057  386  359  373
1058  333  310  323
1059  302  297  323
1060  379  352  376
1061  389  343  337
1062  357  321  334
1063  337  370  353
1064  309  285  272
1065  389  396  403
1066  315  255  305
1067  357  351  356
1068  306  310  342
1069  399  392  410
1070  300  294  303
1071  418  387  387
1072  343  332  297
1073  305  311  326
1074  371  370  316
1075  309  307  320
1076  427  351  386
1077  332  321  304
1078  378  347  350
1079  343  344  332
1080  318  329  315
1081  353  347  331
1082  358  351  312
1083  332  333  316
1084  364  368  337
1085  390  347  327
1086  338  333  351
1087  437  454  401
1088  262  272  258
1089  380  329  328
1090  323  337  324
1091  381  363  333
1092  331  295  320
1093  371  374  338
1094  330  329  327
1095  342  328  312
1096  292  310  302
1097  395  411  396
1098  293  295  297
1099  407  411  364
1100  259  251  296
1101  412  351  368
1102  293  292  298
1103  411  417  400
1104  315  309  337
1105  285  311  309
1106  373  390  365
1107  359  331  334
1108  333  307  327
1109  307  305  292
1110  382  364  358
1111  306  313  291
1112  341  367  348
1113  300  338  309
1114  396  356  330
1115  363  380  370
1116  301  303  321
1117  343  322  329
1118  337  356  346
1119  423  383  360
1120  284  283  299
1121  386  394  342
1122  324  311  317
1123  326  340  315
1124  364  347  353
1125  357  371  332
1126  318  316  291
1127  315  316  296
1128  330  298  314
1129  410  380  369
1130  274  294  301
1131  399  383  367
1132  315  290  289
1133  394  358  366
1134  269  307  272
1135  381  385  404
1136  366  296  343
1137  322  318  300
1138  341  336  334
1139  323  304  317
1140  382  351  358
1141  311  318  336
1142  376  353  355
1143  272  294  314
1144  348  334  380
1145  320  325  313
1146  313  326  322
1147  353  347  367
1148  332  296  350
1149  356  359  349
1150  335  324  300
1151  417  411  404
1152  266  268  271
1153  358  313  331
1154  329  318  333
1155  351  371  337
1156  337  333  319
1157  384  352  362
1158  351  320  341
1159  368  369  372
1160  281  282  255
1161  371  359  352
1162  328  293  299
1163  400  380  392
1164  284  289  282
1165  405  328  373
1166  287  289  284
1167  399  377  350
1168  377  348  357
1169  282  282  317
1170  391  406  364
1171  340  318  340
1172  360  319  310
1173  286  294  288
1174  383  382  369
1175  386  380  361
1176  290  251  278
1177  292  299  365
1178  395  354  361
1179  392  341  357
1180  323  309  284
1181  314  274  315
1182  369  327  350
1183  407  363  393
1184  284  276  307
1185  350  397  343
1186  342  301  297
1187  291  294  311
1188  368  331  381
1189  381  379  340
1190  338  319  310
1191  386  374  371
1192  273  227  256
1193  407  389  399
1194  261  296  289
1195  363  352  363
1196  345  310  314
1197  420  416  381
1198  277  280  279
1199  401  403  362
1200  370  350  363
1201  309  312  286
1202  384  350  341
1203  263  313  293
1204  380  378  380
1205  342  298  289
1206  385  378  335
1207  354  350  355
1208  296  266  265
1209  332  314  365
1210  361  349  336
1211  370  342  298
1212  354  366  316
1213  366  321  310
1214  313  336  339
1215  464  444  426
1216  248  242  231
1217  339  324  346
1218  333  352  337
1219  388  350  357
1220  303  298  295
1221  332  317  320
1222  349  323  294
1223  335  384  351
1224  272  277  317
1225  384  358  347
1226  305  301  282
1227  435  412  410
1228  241  239  282
1229  378  385  368
1230  295  299  296
1231  382  383  372
1232  334  351  322
1233  281  301  298
1234  394  368  372
1235  349  333  366
1236  325  327  325
1237  281  313  291
1238  410  360  357
1239  342  338  345
1240  311  302  315
1241  325  312  293
1242  367  337  357
1243  384  392  354
1244  296  257  288
1245  341  328  320
1246  374  350  345
1247  447  413  420
1248  279  276  277
1249  333  365  327
1250  306  342  330
1251  368  318  332
1252  334  337  325
1253  372  342  366
1254  323  317  330
1255  345  326  356
1256  288  284  293
1257  432  357  360
1258  278  300  274
1259  367  338  367
1260  281  294  302
1261  433  375  398
1262  275  269  253
1263  370  382  351
1264  398  353  358
1265  328  295  296
1266  370  305  379
1267  319  316  298
1268  348  321  354
1269  337  315  286
1270  368  344  337
1271  301  305  311
1272  258  261  297
1273  299  256  250
1274  251  228  236
1275  225  218  224
1276  233  237  233
1277  262  260  278
1278  307  269  303
1279  513  488  436
1280  210  209  245
1281  349  344  319
1282  331  350  341
1283  349  341  294
1284  324  305  303
1285  368  352  327
1286  336  318  300
1287  363  328  349
1288  286  290  263
1289  388  358  394
1290  327  309  290
1291  377  389  383
1292  293  294  276
1293  405  357  373
1294  287  280  282
1295  416  421  410
1296  293  302  307
1297  271  284  288
1298  390  375  368
1299  333  338  300
1300  342  305  350
1301  290  307  270
1302  429  379  366
1303  311  315  316
1304  290  328  301
1305  313  310  283
1306  369  365  338
1307  362  357  339
1308  312  278  251
1309  334  347  334
1310  369  368  347
1311  330  379  365
1312  330  286  315
1313  385  337  337
1314  296  313  313
1315  274  290  275
1316  367  368  336
1317  338  359  365
1318  296  348  293
1319  393  311  325
1320  258  281  282
1321  384  403  357
1322  276  265  261
1323  364  341  311
1324  339  322  295
1325  374  367  371
1326  267  272  292
1327  397  439  390
1328  301  316  319
1329  300  335  316
1330  380  345  315
1331  265  313  243
1332  377  360  367
1333  320  309  299
1334  371  363  353
1335  289  331  320
1336  284  287  275
1337  331  330  291
1338  331  312  332
1339  302  307  340
1340  365  340  314
1341  374  352  334
1342  301  310  304
1343  428  454  409
1344  245  213  227
1345  331  338  298
1346  328  333  312
1347  365  375  361
1348  289  279  334
1349  335  325  296
1350  322  348  291
1351  317  309  317
1352  305  283  291
1353  387  373  368
1354  281  287  254
1355  394  372  389
1356  239  246  260
1357  379  398  376
1358  254  262  272
1359  473  403  416
1360  289  283  252
1361  258  230  271
1362  382  390  360
1363  347  354  345
1364  341  329  320
1365  270  301  297
1366  382  350  337
1367  254  284  289
1368  317  305  348
1369  309  323  277
1370  363  312  363
1371  407  383  365
1372  270  303  291
1373  308  290  281
1374  357  327  365
1375  365  342  345
1376  325  268  303
1377  350  347  316
1378  310  274  335
1379  339  326  308
1380  330  355  310
1381  365  368  324
1382  323  310  313
1383  295  266  299
1384  312  291  291
1385  418  376  397
1386  241  267  281
1387  363  343  360
1388  279  276  297
1389  403  389  355
1390  273  264  260
1391  446  393  406
1392  291  289  275
1393  337  301  285
1394  344  353  322
1395  298  307  319
1396  382  332  339
1397  304  311  332
1398  340  315  350
1399  272  281  284
1400  326  340  334
1401  303  329  335
1402  354  322  343
1403  353  305  327
1404  335  336  309
1405  376  306  323
1406  320  313  307
1407  391  409  396
1408  278  252  292
1409  343  331  309
1410  316  308  335
1411  332  308  370
1412  325  282  305
1413  341  336  327
1414  322  318  333
1415  374  376  347
1416  286  232  225
1417  379  386  399
1418  301  289  272
1419  376  354  372
1420  257  254  286
1421  417  368  390
1422  285  298  281
1423  434  389  368
1424  316  318  317
1425  263  265  324
1426  393  375  369
1427  331  311  307
1428  324  339  343
1429  281  276  280
1430  419  369  370
1431  370  354  354
1432  276  253  271
1433  329  317  293
1434  380  342  368
1435  348  334  387
1436  328  300  276
1437  334  314  322
1438  348  364  333
1439  318  320  347
1440  332  321  288
1441  369  347  371
1442  342  293  300
1443  269  280  314
1444  382  327  369
1445  356  334  349
1446  302  286  326
1447  370  381  344
1448  258  227  248
1449  418  435  375
1450  294  276  268
1451  334  318  354
1452  313  313  309
1453  433  386  400
1454  283  270  265
1455  381  395  400
1456  350  279  349
1457  291  311  276
1458  377  355  345
1459  288  279  281
1460  420  369  372
1461  272  327  279
1462  399  341  367
1463  366  362  360
1464  265  285  276
1465  325  329  362
1466  326  327  317
1467  329  316  278
1468  375  325  340
1469  329  342  339
1470  330  322  364
1471  465  420  418
1472  261  218  258
1473  341  361  341
1474  333  321  323
1475  388  371  347
1476  320  259  312
1477  361  395  361
1478  303  308  309
1479  357  341  306
1480  255  291  290
1481  419  355  336
1482  303  328  273
1483  400  389  427
1484  242  228  236
1485  402  373  384
1486  286  281  295
1487  384  397  380
1488  326  348  297
1489  299  286  289
1490  410  357  391
1491  344  328  337
1492  303  305  300
1493  261  300  281
1494  411  381  381
1495  316  330  306
1496  337  300  309
1497  310  316  313
1498  406  359  366
1499  338  380  378
1500  276  280  265
1501  335  310  308
1502  374  326  379
1503  359  369  315
1504  352  305  304
1505  339  377  354
1506  309  338  321
1507  329  311  345
1508  364  296  319
1509  379  353  359
1510  303  323  316
1511  315  326  333
1512  306  246  273
1513  422  409  398
1514  250  280  275
1515  375  364  370
1516  301  293  256
1517  408  394  388
1518  280  233  281
1519  402  435  400
1520  344  310  323
1521  295  294  301
1522  352  389  366
1523  318  308  295
1524  371  359  347
1525  308  301  294
1526  354  320  368
1527  318  332  295
1528  294  258  260
1529  265  264  266
1530  251  223  239
1531  227  220  235
1532  249  244  217
1533  297  282  278
1534  293  278  319
1535  400  355  364
1536  296  291  312
1537  338  338  329
1538  333  334  312
1539  327  296  341
1540  323  296  353
1541  366  323  310
1542  335  337  316
1543  325  337  366
1544  297  282  264
1545  402  376  380
1546  292  290  270
1547  409  362  401
1548  271  290  260
1549  391  348  377
1550  304  293  286
1551  406  419  402
1552  348  316  336
1553  251  266  278
1554  444  384  395
1555  311  306  321
1556  342  346  305
1557  290  273  278
1558  377  397  383
1559  335  312  340
1560  313  302  316
1561  283  330  295
1562  412  358  349
1563  375  359  364
1564  310  283  308
1565  291  301  296
1566  364  379  358
1567  433  379  396
1568  260  275  227
1569  342  354  362
1570  313  308  292
1571  278  294  282
1572  410  350  397
1573  341  360  353
1574  334  292  317
1575  352  365  331
1576  267  279  281
1577  440  396  422
1578  277  279  261
1579  354  326  350
1580  353  317  320
1581  401  418  388
1582  277  266  281
1583  413  384  433
1584  314  321  304
1585  341  298  275
1586  386  365  383
1587  267  272  296
1588  418  349  381
1589  309  313  282
1590  368  360  371
1591  306  315  305
1592  314  305  321
1593  352  339  316
1594  354  320  385
1595  306  321  294
1596  356  351  350
1597  351  324  323
1598  356  345  342
1599  390  383  358
1600  282  267  297
1601  341  341  331
1602  389  346  331
1603  356  387  364
1604  283  307  292
1605  333  369  332
1606  358  294  329
1607  287  331  287
1608  315  295  336
1609  391  379  352
1610  281  300  279
1611  444  449  438
1612  259  258  256
1613  433  374  390
1614  238  263  257
1615  421  438  402
1616  313  335  279
1617  264  245  271
1618  408  362  410
1619  366  360  333
1620  323  336  328
1621  281  284  293
1622  396  355  372
1623  286  301  274
1624  370  356  355
1625  280  307  318
1626  422  363  378
1627  405  370  361
1628  300  310  289
1629  307  315  311
1630  359  339  344
1631  425  407  423
1632  282  293  269
1633  337  348  340
1634  339  307  315
1635  317  324  320
1636  353  347  359
1637  376  349  361
1638  313  308  288
1639  265  316  296
1640  332  315  321
1641  442  393  408
1642  278  271  271
1643  406  381  390
1644  283  272  290
1645  430  420  405
1646  263  242  239
1647  459  431  429
1648  286  320  331
1649  322  274  304
1650  388  380  363
1651  296  325  288
1652  376  362  378
1653  321  293  289
1654  341  359  379
1655  283  276  248
1656  388  352  358
1657  352  318  370
1658  336  319  315
1659  345  365  332
1660  322  332  316
1661  371  344  364
1662  311  340  348
1663  367  388  361
1664  314  248  268
1665  337  315  328
1666  339  342  326
1667  348  336  326
1668  305  301  331
1669  353  358  329
1670  331  338  322
1671  375  388  355
1672  238  230  235
1673  404  391  401
1674  262  256  286
1675  453  387  377
1676  244  282  254
1677  418  408  396
1678  269  274  295
1679  374  382  360
1680  409  376  381
1681  259  252  256
1682  419  387  381
1683  329  324  369
1684  337  364  324
1685  271  280  264
1686  434  379  394
1687  377  357  367
1688  270  278  293
1689  310  304  297
1690  407  373  361
1691  372  350  386
1692  278  338  314
1693  317  300  291
1694  372  380  338
1695  418  408  424
1696  276  263  253
1697  354  370  354
1698  289  301  315
1699  305  281  267
1700  354  359  357
1701  349  378  350
1702  296  327  306
1703  399  376  368
1704  244  231  229
1705  416  389  397
1706  262  271  266
1707  367  362  332
1708  298  334  318
1709  451  392  408
1710  244  260  248
1711  409  389  401
1712  359  350  360
1713  309  302  312
1714  372  347  357
1715  262  278  259
1716  391  403  399
1717  331  309  285
1718  387  367  386
1719  329  330  360
1720  279  265  260
1721  314  328  327
1722  380  355  306
1723  313  307  305
1724  341  347  379
1725  348  345  339
1726  361  330  330
1727  449  413  392
1728  290  276  270
1729  347  353  367
1730  339  335  328
1731  381  379  378
1732  282  294  292
1733  337  319  347
1734  327  317  331
1735  346  355  326
1736  265  285  262
1737  393  406  387
1738  298  291  254
1739  436  424  421
1740  229  242  231
1741  398  416  392
1742  266  273  246
1743  378  362  388
1744  355  369  370
1745  296  257  279
1746  393  394  375
1747  344  350  350
1748  320  315  312
1749  300  262  252
1750  421  381  401
1751  329  314  310
1752  331  317  302
1753  311  287  356
1754  355  368  353
1755  424  377  391
1756  269  268  267
1757  326  313  311
1758  357  356  358
1759  466  409  417
1760  274  248  282
1761  353  403  346
1762  321  300  321
1763  316  332  343
1764  384  327  358
1765  371  358  341
1766  320  295  302
1767  311  337  338
1768  279  287  275
1769  401  415  439
1770  271  246  259
1771  383  368  394
1772  273  280  259
1773  447  420  391
1774  249  280  242
1775  382  330  357
1776  381  374  369
1777  313  305  317
1778  361  376  364
1779  303  333  287
1780  363  331  378
1781  326  313  282
1782  376  371  336
1783  273  308  285
1784  271  265  290
1785  263  273  280
1786  250  244  237
1787  238  207  212
1788  217  202  205
1789  264  283  276
1790  293  277  286
1791  484  487  460
1792  240  225  237
1793  344  337  339
1794  314  328  290
1795  322  349  315
1796  336  283  349
1797  349  338  327
1798  343  304  316
1799  370  346  325
1800  267  285  245
1801  386  388  395
1802  286  305  295
1803  423  387  424
1804  246  277  269
1805  397  405  395
1806  243  279  264
1807  483  431  460
1808  305  297  291
1809  240  268  257
1810  421  412  399
1811  284  315  325
1812  364  361  314
1813  289  289  263
1814  400  425  410
1815  347  330  306
1816  281  308  304
1817  294  263  279
1818  410  376  387
1819  339  369  362
1820  283  347  291
1821  310  282  302
1822  385  336  350
1823  369  356  377
1824  290  275  322
1825  333  382  333
1826  341  320  295
1827  282  300  271
1828  375  354  385
1829  370  359  313
1830  293  329  326
1831  355  348  349
1832  262  278  241
1833  450  397  396
1834  242  279  266
1835  345  353  349
1836  322  297  307
1837  417  436  406
1838  227  264  269
1839  480  427  455
1840  298  265  293
1841  313  292  288
1842  390  375  346
1843  240  264  260
1844  436  389  403
1845  276  312  277
1846  417  343  390
1847  331  322  329
1848  280  286  294
1849  321  369  330
1850  346  336  335
1851  323  318  312
1852  366  347  370
1853  342  385  314
1854  334  333  337
1855  407  377  393
1856  275  282  281
1857  335  340  349
1858  338  331  341
1859  354  352  331
1860  329  302  320
1861  340  330  334
1862  316  296  305
1863  309  299  300
1864  327  319  293
1865  428  379  380
1866  258  279  290
1867  407  444  424
1868  202  235  228
1869  387  391  409
1870  281  278  268
1871  443  400  462
1872  281  300  279
1873  257  293  249
1874  442  410  418
1875  357  327  312
1876  313  311  293
1877  285  273  265
1878  380  356  392
1879  293  292  276
1880  354  354  344
1881  292  289  297
1882  357  336  363
1883  404  413  402
1884  269  272  266
1885  320  280  321
1886  408  385  347
1887  378  402  393
1888  296  286  299
1889  371  336  347
1890  296  283  280
1891  294  337  326
1892  330  319  336
1893  399  368  413
1894  320  330  290
1895  290  303  304
1896  299  303  310
1897  425  426  393
1898  258  251  235
1899  384  376  391
1900  282  281  265
1901  430  413  416
1902  223  262  245
1903  463  441  475
1904  271  314  281
1905  310  297  282
1906  387  368  379
1907  300  314  285
1908  393  339  368
1909  293  308  296
1910  382  332  348
1911  266  257  274
1912  329  371  343
1913  331  356  342
1914  344  355  325
1915  344  333  330
1916  317  307  358
1917  336  353  334
1918  323  345  352
1919  369  396  366
1920  341  261  255
1921  289  316  324
1922  338  313  319
1923  332  353  344
1924  313  285  335
1925  372  317  321
1926  332  345  319
1927  378  391  357
1928  192  212  226
1929  448  384  381
1930  267  308  274
1931  380  375  382
1932  262  290  242
1933  412  372  406
1934  256  264  298
1935  454  426  375
1936  341  301  368
1937  247  281  246
1938  421  405  402
1939  295  333  317
1940  363  353  347
1941  238  264  257
1942  456  396  401
1943  345  319  367
1944  272  268  292
1945  303  313  287
1946  401  378  332
1947  374  356  359
1948  261  302  299
1949  281  305  302
1950  400  377  388
1951  374  325  357
1952  324  293  297
1953  331  370  368
1954  333  314  327
1955  251  292  319
1956  407  379  354
1957  384  369  310
1958  275  257  305
1959  371  359  382
1960  206  256  246
1961  411  417  395
1962  253  250  245
1963  322  345  371
1964  313  320  301
1965  444  445  416
1966  249  244  246
1967  387  366  403
1968  311  342  311
1969  300  276  293
1970  400  362  338
1971  238  270  259
1972  401  401  402
1973  305  293  279
1974  381  345  376
1975  391  347  353
1976  263  278  257
1977  328  318  303
1978  333  319  322
1979  289  320  311
1980  376  377  352
1981  366  337  323
1982  325  310  338
1983  429  407  385
1984  297  273  291
1985  391  365  368
1986  336  300  309
1987  374  381  368
1988  275  283  293
1989  368  344  334
1990  343  337  300
1991  324  344  361
1992  256  245  287
1993  422  390  415
1994  247  286  255
1995  452  439  449
1996  217  217  214
1997  427  379  409
1998  239  280  272
1999  410  409  434
2000  358  370  332
2001  264  271  238
2002  422  403  385
2003  309  324  352
2004  346  297  304
2005  243  268  272
2006  394  400  387
2007  305  327  333
2008  366  309  309
2009  303  292  291
2010  376  369  377
2011  382  404  403
2012  250  259  256
2013  341  282  291
2014  328  358  370
2015  380  366  374
2016  323  282  285
2017  369  359  357
2018  333  277  329
2019  318  326  333
2020  373  346  325
2021  386  347  347
2022  267  283  302
2023  348  325  357
2024  270  274  266
2025  444  408  373
2026  236  259  260
2027  410  375  399
2028  255  269  291
2029  421  428  421
2030  274  242  239
2031  412  435  409
2032  347  333  336
2033  298  300  324
2034  382  376  372
2035  303  289  275
2036  354  345  352
2037  284  317  293
2038  353  362  364
2039  307  317  278
2040  299  307  304
2041  243  317  292
2042  279  274  284
2043  225  254  224
2044  253  233  242
2045  286  315  306
2046  303  304  297
2047  324  464  369
2048  228  221  242
2049  328  339  315
2050  331  340  299
2051  287  319  349
2052  326  307  294
2053  357  376  329
2054  313  304  319
2055  360  322  329
2056  241  275  252
2057  399  407  407
2058  264  283  242
2059  403  374  393
2060  237  247  250
2061  372  395  401
2062  256  282  258
2063  393  397  408
2064  340  352  295
2065  255  263  254
2066  450  414  417
2067  289  285  318
2068  328  354  344
2069  239  264  247
2070  407  414  394
2071  302  294  304
2072  278  304  277
2073  276  303  261
2074  353  379  384
2075  375  348  338
2076  271  314  290
2077  286  320  309
2078  358  355  359
2079  399  362  342
2080  274  327  291
2081  336  371  336
2082  287  294  287
2083  278  281  262
2084  359  373  376
2085  376  367  359
2086  293  300  261
2087  343  355  337
2088  231  268  240
2089  441  416  413
2090  214  249  259
2091  307  361  312
2092  325  310  275
2093  409  416  408
2094  231  237  248
2095  419  398  383
2096  320  339  340
2097  266  297  271
2098  362  339  370
2099  231  250  240
2100  423  404  398
2101  276  291  283
2102  385  376  345
2103  307  300  289
2104  306  300  299
2105  327  344  324
2106  304  321  299
2107  267  265  270
2108  362  380  351
2109  314  316  333
2110  307  336  310
2111  387  401  387
2112  249  285  279
2113  343  325  320
2114  322  311  331
2115  347  360  336
2116  287  243  284
2117  334  329  324
2118  331  304  299
2119  248  309  270
2120  296  307  306
2121  415  385  348
2122  251  263  247
2123  431  426  418
2124  205  196  194
2125  415  383  373
2126  244  245  280
2127  388  406  399
2128  312  319  293
2129  236  245  265
2130  442  392  415
2131  327  331  310
2132  314  300  308
2133  230  252  237
2134  419  413  400
2135  246  266  268
2136  355  301  344
2137  293  283  309
2138  365  369  333
2139  354  391  363
2140  248  238  224
2141  295  315  300
2142  356  354  360
2143  378  366  385
2144  304  274  283
2145  360  347  392
2146  287  272  275
2147  285  292  291
2148  362  339  334
2149  378  355  347
2150  284  283  275
2151  261  268  264
2152  320  322  301
2153  415  409  421
2154  226  240  259
2155  389  367  346
2156  285  262  265
2157  447  428  405
2158  204  207  244
2159  369  424  377
2160  358  326  344
2161  280  279  292
2162  376  345  366
2163  281  282  281
2164  357  324  348
2165  280  277  291
2166  379  336  360
2167  220  241  229
2168  352  369  404
2169  351  306  320
2170  314  317  352
2171  313  344  285
2172  324  317  282
2173  357  340  355
2174  332  300  331
2175  408  422  415
2176  242  203  224
2177  311  319  322
2178  335  328  301
2179  302  320  356
2180  335  304  295
2181  334  354  322
2182  337  283  328
2183  360  346  352
2184  221  224  247
2185  397  359  385
2186  239  310  271
2187  406  377  389
2188  235  258  239
2189  387  377  389
2190  262  258  252
2191  324  364  355
2192  424  357  353
2193  213  245  255
2194  407  392  412
2195  294  272  343
2196  350  354  330
2197  236  242  232
2198  437  414  416
2199  360  343  333
2200  266  241  253
2201  278  281  285
2202  385  355  347
2203  341  335  350
2204  279  320  276
2205  287  295  291
2206  360  350  351
2207  384  347  354
2208  269  301  290
2209  348  346  381
2210  331  283  288
2211  271  288  279
2212  391  387  374
2213  343  359  370
2214  302  274  304
2215  356  350  366
2216  215  209  209
2217  434  446  415
2218  244  249  238
2219  352  333  307
2220  306  286  331
2221  443  407  414
2222  218  248  214
2223  353  351  366
2224  379  377  407
2225  291  270  269
2226  388  347  377
2227  245  274  236
2228  376  425  411
2229  297  254  277
2230  380  375  364
2231  354  357  368
2232  260  255  281
2233  328  324  312
2234  364  301  319
2235  276  306  289
2236  369  329  368
2237  339  335  326
2238  323  342  318
2239  419  406  425
2240  289  262  252
2241  338  321  333
2242  318  324  296
2243  378  347  379
2244  261  292  284
2245  356  327  333
2246  325  301  326
2247  323  321  339
2248  267  239  254
2249  398  402  408
2250  273  249  261
2251  485  421  430
2252  189  209  209
2253  391  404  389
2254  240  264  267
2255  359  341  367
2256  407  427  393
2257  250  250  246
2258  428  391  406
2259  358  333  340
2260  309  299  318
2261  238  240  254
2262  426  420  421
2263  287  297  293
2264  294  300  319
2265  281  263  314
2266  391  375  348
2267  403  406  388
2268  252  263  265
2269  300  273  302
2270  416  356  370
2271  390  393  376
2272  305  286  309
2273  360  355  363
2274  297  288  313
2275  318  341  298
2276  330  330  341
2277  370  351  364
2278  297  288  272
2279  326  350  317
2280  273  253  267
2281  439  414  459
2282  248  239  240
2283  394  390  409
2284  245  247  277
2285  418  412  403
2286  235  259  241
2287  331  333  371
2288  405  387  375
2289  288  276  265
2290  405  389  386
2291  284  277  300
2292  362  371  379
2293  300  291  289
2294  333  365  351
2295  285  258  270
2296  285  257  295
2297  264  255  239
2298  242  240  212
2299  199  227  211
2300  222  219  217
2301  301  276  277
2302  301  328  303
2303  415  388  384
2304  298  300  289
2305  339  328  304
2306  339  332  341
2307  317  313  334
2308  358  315  360
2309  316  357  292
2310  336  319  328
2311  330  328  355
2312  236  253  249
2313  412  413  389
2314  279  257  283
2315  412  404  400
2316  230  267  252
2317  425  381  385
2318  273  281  261
2319  447  446  485
2320  303  294  314
2321  226  237  258
2322  436  401  393
2323  299  277  319
2324  372  375  326
2325  217  243  248
2326  427  433  421
2327  295  305  352
2328  304  329  278
2329  300  298  276
2330  384  368  383
2331  363  343  377
2332  273  299  272
2333  303  284  313
2334  372  365  378
2335  302  316  358
2336  382  343  310
2337  356  384  356
2338  319  285  292
2339  242  300  260
2340  389  374  389
2341  394  377  341
2342  300  268  327
2343  355  330  346
2344  229  235  258
2345  457  460  415
2346  257  209  241
2347  311  337  313
2348  318  321  332
2349  451  440  431
2350  226  228  233
2351  480  467  452
2352  298  303  294
2353  265  279  274
2354  383  385  382
2355  208  239  256
2356  432  404  434
2357  290  303  267
2358  402  390  387
2359  304  319  322
2360  309  294  289
2361  308  348  335
2362  317  355  370
2363  271  289  284
2364  393  368  353
2365  335  337  316
2366  324  324  360
2367  431  390  392
2368  280  262  245
2369  382  357  339
2370  372  328  343
2371  448  355  338
2372  403  289  274
2373  514  366  356
2374  572  306  337
2375  469  308  287
2376  498  325  273
2377  550  380  368
2378  282  289  252
2379  463  409  447
2380  200  197  210
2381  400  404  414
2382  242  254  224
2383  414  443  466
2384  155  302  296
2385  132  251  239
2386  336  465  396
2387  324  295  340
2388  319  316  321
2389  225  247  234
2390  427  408  395
2391  221  271  268
2392  273  343  308
2393  245  307  246
2394  206  365  309
2395  145  402  337
2396   52  264  222
2397   35  270  247
2398   25  392  311
2399    7  344  300
2400    1  331  269
2401    2  392  230
2402    0  288  249
2403    0  362  279
2404    0  328  345
2405    0  383  391
2406    0  294  313
2407    0  311  365
2408    0  337  405
2409    0  462  712
2410    0  272  353
2411    0  484  624
2412    0  405  427
2413    0  627  593
2414    0  356  217
2415    0  766  399
2416    0  433  288
2417    0  415  250
2418    0  424  367
2419    0  232  265
2420    0  368  377
2421    0  342  283
2422    0  357  373
2423    0  249  232
2424    0  324  360
2425    0  321  290
2426    0  350  326
2427    0  335  328
2428    0  280  309
2429    0  341  312
2430    0  311  208
2431    0  437  219
2432    0  187   69
2433    0  298   69
2434    0  290   21
2435    0  228   16
2436    0  208   10
2437    0  141    1
2438    0  105    2
2439    0   53    0
2440    0   14    0
2441    0   16    0
2442    0    5    0
2443    0    0    0
2444    0    0    0
2445    0    2    1
2446    0    0    0
2447    0    0    0
2448    0    0    0
2449    0    0    0
2450    0    0    0
2451    0    0    0
2452    0    0    0
2453    0    0    0
2454    0    0    1
2455    0    0    0
2456    0    0    0
2457    0    0    0
2458    0    0    0
2459    0    0    0
2460    0    0    0
2461    0    0    0
2462    0    0    0
2463    0    0    0
2464    0    0    0
2465    0    0    0
2466    0    0    0
2467    0    0    0
2468    0    0    0
2469    0    0    0
2470    0    0    0
2471    0    0    0
2472    0    0    0
2473    0    0    0
2474    0    0    0
2475    0    0    0
2476    0    0    0
2477    0    0    0
2478    0    0    0
2479    0    0    0
2480    0    0    0
2481    0    0    0
2482    0    0    0
2483    0    0    0
2484    0    0    0
2485    0    0    0
2486    0    0    0
2487    1    0    0
2488    0    0    0
2489    0    0    0
2490    0    0    0
2491    0    0    0
2492    0    0    0
2493    0    0    0
2494    0    0    0
2495    0    0    0
2496    0    0    0
2497    0    0    0
2498    0    0    0
2499    0    0    0
2500    0    0    0
2501    0    0    0
2502    0    0    0
2503    0    0    0
2504    0    0    0
2505    0    0    0
2506    0    0    0
2507    0    0    0
2508    0    0    0
2509    0    0    0
2510    0    0    0
2511    0    0    0
2512    0    1    0
2513    0    0    0
2514    0    0    0
2515    0    0    0
2516    0    0    0
2517    0    0    0
2518    0    0    0
2519    0    0    0
2520    0    0    0
2521    0    0    0
2522    0    0    0
2523    0    0    0
2524    0    0    0
2525    0    1    0
2526    0    0    0
2527    0    0    0
2528    0    0    0
2529    0    0    0
2530    0    0    0
2531    0    0    0
2532    0    0    0
2533    0    0    0
2534    0    0    0
2535    0    1    0
2536    0    0    0
2537    0    0    0
2538    0    0    0
2539    0    0    0
2540    0    0    0
2541    0    0    0
2542    0    0    0
2543    0    0    0
2544    0    0    0
2545    0    0    0
2546    0    1    0
2547    0    0    0
2548    0    0    0
2549    0    0    0
2550    0    0    0
2551    0    0    0
2552    0    0    0
2553    0    0    0
2554    0    0    0
2555    0    0    0
2556    0    0    0
2557    0    1    1
2558    0    0    0
2559    0    0    0
2560    0    0    0
2561    0    0    0
2562    0    0    0
2563    0    0    0
2564    0    0    0
2565    0    0    0
2566    0    0    0
2567    0    0    0
2568    0    0    0
2569    0    0    0
2570    0    0    0
2571    0    0    0
2572    0    0    0
2573    0    0    0
2574    0    0    0
2575    0    0    0
2576    0    0    0
2577    0    0    0
2578    0    0    0
2579    0    0    0
2580    0    0    0
2581    0    0    0
2582    0    0    0
2583    0    0    0
2584    0    0    0
2585    0    0    0
2586    0    0    0
2587    0    0    0
2588    0    0    0
2589    0    0    0
2590    0    0    0
2591    0    0    0
2592    0    0    0
2593    0    0    0
2594    0    0    0
2595    0    0    0
2596    0    0    0
2597    0    0    0
2598    0    0    0
2599    0    0    0
2600    0    0    0
2601    0    0    0
2602    0    0    0
2603    0    0    0
2604    0    0    0
2605    0    0    0
2606    0    0    0
2607    0    0    0
2608    0    0    0
2609    0    0    0
2610    0    0    0
2611    0    0    0
2612    0    0    0
2613    0    0    0
2614    0    0    0
2615    0    0    0
2616    0    0    0
2617    0    0    0
2618    0    0    0
2619    0    0    0
2620    0    0    0
2621    0    0    0
2622    0    0    0
2623    0    0    0
2624    0    0    0
2625    0    0    0
2626    0    0    0
2627    0    0    0
2628    0    0    0
2629    0    0    0
2630    0    0    0
2631    0    0    0
2632    0    0    0
2633    0    0    0
2634    0    0    0
2635    0    0    0
2636    0    0    0
2637    0    0    0
2638    0    0    0
2639    0    0    0
2640    0    0    0
2641    0    0    0
2642    0    0    0
2643    0    0    0
2644    0    0    0
2645    0    0    0
2646    0    0    0
2647    0    0    0
2648    0    0    0
2649    0    0    0
2650    0    0    0
2651    0    0    0
2652    0    0    0
2653    0    0    0
2654    0    0    0
2655    0    0    0
2656    0    0    0
2657    0    0    0
2658    0    0    0
2659    0    0    0
2660    0    0    0
2661    0    0    0
2662    0    0    0
2663    0    0    0
2664    0    0    0
2665    0    0    0
2666    0    0    0
2667    0    0    0
2668    0    0    0
2669    0    0    0
2670    0    0    0
2671    0    0    0
2672    0    0    0
2673    0    0    0
2674    0    0    0
2675    0    0    0
2676    0    0    0
2677    0    0    0
2678    0    0    0
2679    0    0    0
2680    0    0    0
2681    0    0    0
2682    0    0    0
2683    0    0    0
2684    0    0    0
2685    0    0    0
2686    0    0    0
2687    0    0    0
2688    0    0    0
2689    0    0    0
2690    0    0    0
2691    0    0    0
2692    0    0    0
2693    0    0    0
2694    0    0    0
2695    0    0    0
2696    0    0    0
2697    0    0    0
2698    0    0    0
2699    0    0    0
2700    0    0    0
2701    0    0    0
2702    0    0    0
2703    0    0    0
2704    0    0    0
2705    0    0    0
2706    0    0    0
2707    0    0    0
2708    0    0    0
2709    0    0    0
2710    0    0    0
2711    0    0    0
2712    0    0    0
2713    0    0    0
2714    0    0    0
2715    0    0    0
2716    0    0    0
2717    0    0    0
2718    0    0    0
2719    0    0    0
2720    0    0    0
2721    0    0    0
2722    0    0    0
2723    0    0    0
2724    0    0    0
2725    0    0    0
2726    0    0    0
2727    0    0    0
2728    0    0    0
2729    0    0    0
2730    0    0    0
2731    0    0    0
2732    0    0    0
2733    0    0    0
2734    0    0    0
2735    0    0    0
2736    0    0    0
2737    0    0    0
2738    0    0    0
2739    0    0    0
2740    0    0    0
2741    0    0    0
2742    0    0    0
2743    0    0    0
2744    0    0    0
2745    0    0    0
2746    0    0    0
2747    0    0    0
2748    0    0    0
2749    0    0    0
2750    0    0    0
2751    0    0    0
2752    0    0    0
2753    0    0    0
2754    0    0    0
2755    0    0    0
2756    0    0    0
2757    0    0    0
2758    0    0    0
2759    0    0    0
2760    0    0    0
2761    0    0    0
2762    0    0    0
2763    0    0    0
2764    0    0    0
2765    0    0    0
2766    0    0    0
2767    0    0    0
2768    0    0    0
2769    0    0    0
2770    0    0    0
2771    0    0    0
2772    0    0    0
2773    0    0    0
2774    0    0    0
2775    0    0    0
2776    0    0    0
2777    0    0    0
2778    0    0    0
2779    0    0    0
2780    0    0    0
2781    0    0    0
2782    0    0    0
2783    0    0    0
2784    0    0    0
2785    0    0    0
2786    0    0    0
2787    0    0    0
2788    0    0    0
2789    0    0    0
2790    0    0    0
2791    0    0    0
2792    0    0    0
2793    0    0    0
2794    0    0    0
2795    0    0    0
2796    0    0    0
2797    0    0    0
2798    0    0    0
2799    0    0    0
2800    0    0    0
2801    0    0    0
2802    0    0    0
2803    0    0    0
2804    0    0    0
2805    0    0    0
2806    0    0    0
2807    0    0    0
2808    0    0    0
2809    0    0    0
2810    0    0    0
2811    0    0    0
2812    0    0    0
2813    0    0    0
2814    0    0    0
2815    0    0    0
2816    0    0    0
2817    0    0    0
2818    0    0    0
2819    0    0    0
2820    0    0    0
2821    0    0    0
2822    0    0    0
2823    0    0    0
2824    0    0    0
2825    0    0    0
2826    0    0    0
2827    0    0    0
2828    0    0    0
2829    0    0    0
2830    0    0    0
2831    0    0    0
2832    0    0    0
2833    0    0    0
2834    0    0    0
2835    0    0    0
2836    0    0    0
2837    0    0    0
2838    0    0    0
2839    0    0    0
2840    0    0    0
2841    0    0    0
2842    0    0    0
2843    0    0    0
2844    0    0    0
2845    0    0    0
2846    0    0    0
2847    0    0    0
2848    0    0    0
2849    0    0    0
2850    0    0    0
2851    0    0    0
2852    0    0    0
2853    0    0    0
2854    0    0    0
2855    0    0    0
2856    0    0    0
2857    0    0    0
2858    0    0    0
2859    0    0    0
2860    0    0    0
2861    0    0    0
2862    0    0    0
2863    0    0    0
2864    0    0    0
2865    0    0    0
2866    0    0    0
2867    0    0    0
2868    0    0    0
2869    0    0    0
2870    0    0    0
2871    0    0    0
2872    0    0    0
2873    0    0    0
2874    0    0    0
2875    0    0    0
2876    0    0    0
2877    0    0    0
2878    0    0    0
2879    0    0    0
2880    0    0    0
2881    0    0    0
2882    0    0    0
2883    0    0    0
2884    0    0    0
2885    0    0    0
2886    0    0    0
2887    0    0    0
2888    0    0    0
2889    0    0    0
2890    0    0    0
2891    0    0    0
2892    0    0    0
2893    0    0    0
2894    0    0    0
2895    0    0    0
2896    0    0    0
2897    0    0    0
2898    0    0    0
2899    0    0    0
2900    0    0    0
2901    0    0    0
2902    0    0    0
2903    0    0    0
2904    0    0    0
2905    0    0    0
2906    0    0    0
2907    0    0    0
2908    0    0    0
2909    0    0    0
2910    0    0    0
2911    0    0    0
2912    0    0    0
2913    0    0    0
2914    0    0    0
2915    0    0    0
2916    0    0    0
2917    0    0    0
2918    0    0    0
2919    0    0    0
2920    0    0    0
2921    0    0    0
2922    0    0    0
2923    0    0    0
2924    0    0    0
2925    0    0    0
2926    0    0    0
2927    0    0    0
2928    0    0    0
2929    0    0    0
2930    0    0    0
2931    0    0    0
2932    0    0    0
2933    0    0    0
2934    0    0    0
2935    0    0    0
2936    0    0    0
2937    0    0    0
2938    0    0    0
2939    0    0    0
2940    0    0    0
2941    0    0    0
2942    0    0    0
2943    0    0    0
2944    0    0    0
2945    0    0    0
2946    0    0    0
2947    0    0    0
2948    0    0    0
2949    0    0    0
2950    0    0    0
2951    0    0    0
2952    0    0    0
2953    0    0    0
2954    0    0    0
2955    0    0    0
2956    0    0    0
2957    0    0    0
2958    0    0    0
2959    0    0    0
2960    0    0    0
2961    0    0    0
2962    0    0    0
2963    0    0    0
2964    0    0    0
2965    0    0    0
2966    0    0    0
2967    0    0    0
2968    0    0    0
2969    0    0    0
2970    0    0    0
2971    0    0    0
2972    0    0    0
2973    0    0    0
2974    0    0    0
2975    0    0    0
2976    0    0    0
2977    0    0    0
2978    0    0    0
2979    0    0    0
2980    0    0    0
2981    0    0    0
2982    0    0    0
2983    0    0    0
2984    0    0    0
2985    0    0    0
2986    0    0    0
2987    0    0    0
2988    0    0    0
2989    0    0    0
2990    0    0    0
2991    0    0    0
2992    0    0    0
2993    0    0    0
2994    0    0    0
2995    0    0    0
2996    0    0    0
2997    0    0    0
2998    0    0    0
2999    0    0    0
3000    0    0    0
3001    0    0    0
3002    0    0    0
3003    0    0    0
3004    0    0    0
3005    0    0    0
3006    0    0    0
3007    0    0    0
3008    0    0    0
3009    0    0    0
3010    0    0    0
3011    0    0    0
3012    0    0    0
3013    0    0    0
3014    0    0    0
3015    0    0    0
3016    0    0    0
3017    0    0    0
3018    0    0    0
3019    0    0    0
3020    0    0    0
3021    0    0    0
3022    0    0    0
3023    0    0    0
3024    0    0    0
3025    0    0    0
3026    0    0    0
3027    0    0    0
3028    0    0    0
3029    0    0    0
3030    0    0    0
3031    0    0    0
3032    0    0    0
3033    0    0    0
3034    0    0    0
3035    0    0    0
3036    0    0    0
3037    0    0    0
3038    0    0    0
3039    0    0    0
3040    0    0    0
3041    0    0    0
3042    0    0    0
3043    0    0    0
3044    0    0    0
3045    0    0    0
3046    0    0    0
3047    0    0    0
3048    0    0    0
3049    0    0    0
3050    0    0    0
3051    0    0    0
3052    0    0    0
3053    0    0    0
3054    0    0    0
3055    0    0    0
3056    0    0    0
3057    0    0    0
3058    0    0    0
3059    0    0    0
3060    0    0    0
3061    0    0    0
3062    0    0    0
3063    0    0    0
3064    0    0    0
3065    0    0    0
3066    0    0    0
3067    0    0    0
3068    0    0    0
3069    0    0    0
3070    0    0    0
3071    0    0    0
3072    0    0    0
3073    0    0    0
3074    0    0    0
3075    0    0    0
3076    0    0    0
3077    0    0    0
3078    0    0    0
3079    0    0    0
3080    0    0    0
3081    0    0    0
3082    0    0    0
3083    0    0    0
3084    0    0    0
3085    0    0    0
3086    0    0    0
3087    0    0    0
3088    0    0    0
3089    0    0    0
3090    0    0    0
3091    0    0    0
3092    0    0    0
3093    0    0    0
3094    0    0    0
3095    0    0    0
3096    0    0    0
3097    0    0    0
3098    0    0    0
3099    0    0    0
3100    0    0    0
3101    0    0    0
3102    0    0    0
3103    0    0    0
3104    0    0    0
3105    0    0    0
3106    0    0    0
3107    0    0    0
3108    0    0    0
3109    0    0    0
3110    0    0    0
3111    0    0    0
3112    0    0    0
3113    0    0    0
3114    0    0    0
3115    0    0    0
3116    0    0    0
3117    0    0    0
3118    0    0    0
3119    0    0    0
3120    0    0    0
3121    0    0    0
3122    0    0    0
3123    0    0    0
3124    0    0    0
3125    0    0    0
3126    0    0    0
3127    0    0    0
3128    0    0    0
3129    0    0    0
3130    0    0    0
3131    0    0    0
3132    0    0    0
3133    0    0    0
3134    0    0    0
3135    0    0    0
3136    0    0    0
3137    0    0    0
3138    0    0    0
3139    0    0    0
3140    0    0    0
3141    0    0    0
3142    0    0    0
3143    0    0    0
3144    0    0    0
3145    0    0    0
3146    0    0    0
3147    0    0    0
3148    0    0    0
3149    0    0    0
3150    0    0    0
3151    0    0    0
3152    0    0    0
3153    0    0    0
3154    0    0    0
3155    0    0    0
3156    0    0    0
3157    0    0    0
3158    0    0    0
3159    0    0    0
3160    0    0    0
3161    0    0    0
3162    0    0    0
3163    0    0    0
3164    0    0    0
3165    0    0    0
3166    0    0    0
3167    0    0    0
3168    0    0    0
3169    0    0    0
3170    0    0    0
3171    0    0    0
3172    0    0    0
3173    0    0    0
3174    0    0    0
3175    0    0    0
3176    0    0    0
3177    0    0    0
3178    0    0    0
3179    0    0    0
3180    0    0    0
3181    0    0    0
3182    0    0    0
3183    0    0    0
3184    0    0    0
3185    0    0    0
3186    0    0    0
3187    0    0    0
3188    0    0    0
3189    0    0    0
3190    0    0    0
3191    0    0    0
3192    0    0    0
3193    0    0    0
3194    0    0    0
3195    0    0    0
3196    0    0    0
3197    0    0    0
3198    0    0    0
3199    0    0    0
3200    0    0    0
3201    0    0    0
3202    0    0    0
3203    0    0    0
3204    0    0    0
3205    0    0    0
3206    0    0    0
3207    0    0    0
3208    0    0    0
3209    0    0    0
3210    0    0    0
3211    0    0    0
3212    0    0    0
3213    0    0    0
3214    0    0    0
3215    0    0    0
3216    0    0    0
3217    0    0    0
3218    0    0    0
3219    0    0    0
3220    0    0    0
3221    0    0    0
3222    0    0    0
3223    0    0    0
3224    0    0    0
3225    0    0    0
3226    0    0    0
3227    0    0    0
3228    0    0    0
3229    0    0    0
3230    0    0    0
3231    0    0    0
3232    0    0    0
3233    0    0    0
3234    0    0    0
3235    0    0    0
3236    0    0    0
3237    0    0    0
3238    0    0    0
3239    0    0    0
3240    0    0    0
3241    0    0    0
3242    0    0    0
3243    0    0    0
3244    0    0    0
3245    0    0    0
3246    0    0    0
3247    0    0    0
3248    0    0    0
3249    0    0    0
3250    0    0    0
3251    0    0    0
3252    0    0    0
3253    0    0    0
3254    0    0    0
3255    0    0    0
3256    0    0    0
3257    0    0    0
3258    0    0    0
3259    0    0    0
3260    0    0    0
3261    0    0    0
3262    0    0    0
3263    0    0    0
3264    0    0    0
3265    0    0    0
3266    0    0    0
3267    0    0    0
3268    0    0    0
3269    0    0    0
3270    0    0    0
3271    0    0    0
3272    0    0    0
3273    0    0    0
3274    0    0    0
3275    0    0    0
3276    0    0    0
3277    0    0    0
3278    0    0    0
3279    0    0    0
3280    0    0    0
3281    0    0    0
3282    0    0    0
3283    0    0    0
3284    0    0    0
3285    0    0    0
3286    0    0    0
3287    0    0    0
3288    0    0    0
3289    0    0    0
3290    0    0    0
3291    0    0    0
3292    0    0    0
3293    0    0    0
3294    0    0    0
3295    0    0    0
3296    0    0    0
3297    0    0    0
3298    0    0    0
3299    0    0    0
3300    0    0    0
3301    0    0    0
3302    0    0    0
3303    0    0    0
3304    0    0    0
3305    0    0    0
3306    0    0    0
3307    0    0    0
3308    0    0    0
3309    0    0    0
3310    0    0    0
3311    0    0    0
3312    0    0    0
3313    0    0    0
3314    0    0    0
3315    0    0    0
3316    0    0    0
3317    0    0    0
3318    0    0    0
3319    0    0    0
3320    0    0    0
3321    0    0    0
3322    0    0    0
3323    0    0    0
3324    0    0    0
3325    0    0    0
3326    0    0    0
3327    0    0    0
3328    0    0    0
3329    0    0    0
3330    0    0    0
3331    0    0    0
3332    0    0    0
3333    0    0    0
3334    0    0    0
3335    0    0    0
3336    0    0    0
3337    0    0    0
3338    0    0    0
3339    0    0    0
3340    0    0    0
3341    0    0    0
3342    0    0    0
3343    0    0    0
3344    0    0    0
3345    0    0    0
3346    0    0    0
3347    0    0    0
3348    0    0    0
3349    0    0    0
3350    0    0    0
3351    0    0    0
3352    0    0    0
3353    0    0    0
3354    0    0    0
3355    0    0    0
3356    0    0    0
3357    0    0    0
3358    0    0    0
3359    0    0    0
3360    0    0    0
3361    0    0    0
3362    0    0    0
3363    0    0    0
3364    0    0    0
3365    0    0    0
3366    0    0    0
3367    0    0    0
3368    0    0    0
3369    0    0    0
3370    0    0    0
3371    0    0    0
3372    0    0    0
3373    0    0    0
3374    0    0    0
3375    0    0    0
3376    0    0    0
3377    0    0    0
3378    0    0    0
3379    0    0    0
3380    0    0    0
3381    0    0    0
3382    0    0    0
3383    0    0    0
3384    0    0    0
3385    0    0    0
3386    0    0    0
3387    0    0    0
3388    0    0    0
3389    0    0    0
3390    0    0    0
3391    0    0    0
3392    0    0    0
3393    0    0    0
3394    0    0    0
3395    0    0    0
3396    0    0    0
3397    0    0    0
3398    0    0    0
3399    0    0    0
3400    0    0    0
3401    0    0    0
3402    0    0    0
3403    0    0    0
3404    0    0    0
3405    0    0    0
3406    0    0    0
3407    0    0    0
3408    0    0    0
3409    0    0    0
3410    0    0    0
3411    0    0    0
3412    0    0    0
3413    0    0    0
3414    0    0    0
3415    0    0    0
3416    0    0    0
3417    0    0    0
3418    0    0    0
3419    0    0    0
3420    0    0    0
3421    0    0    0
3422    0    0    0
3423    0    0    0
3424    0    0    0
3425    0    0    0
3426    0    0    0
3427    0    0    0
3428    0    0    0
3429    0    0    0
3430    0    0    0
3431    0    0    0
3432    0    0    0
3433    0    0    0
3434    0    0    0
3435    0    0    0
3436    0    0    0
3437    0    0    0
3438    0    0    0
3439    0    0    0
3440    0    0    0
3441    0    0    0
3442    0    0    0
3443    0    0    0
3444    0    0    0
3445    0    0    0
3446    0    0    0
3447    0    0    0
3448    0    0    0
3449    0    0    0
3450    0    0    0
3451    0    0    0
3452    0    0    0
3453    0    0    0
3454    0    0    0
3455    0    0    0
3456    0    0    0
3457    0    0    0
3458    0    0    0
3459    0    0    0
3460    0    0    0
3461    0    0    0
3462    0    0    0
3463    0    0    0
3464    0    0    0
3465    0    0    0
3466    0    0    0
3467    0    0    0
3468    0    0    0
3469    0    0    0
3470    0    0    0
3471    0    0    0
3472    0    0    0
3473    0    0    0
3474    0    0    0
3475    0    0    0
3476    0    0    0
3477    0    0    0
3478    0    0    0
3479    0    0    0
3480    0    0    0
3481    0    0    0
3482    0    0    0
3483    0    0    0
3484    0    0    0
3485    0    0    0
3486    0    0    0
3487    0    0    0
3488    0    0    0
3489    0    0    0
3490    0    0    0
3491    0    0    0
3492    0    0    0
3493    0    0    0
3494    0    0    0
3495    0    0    0
3496    0    0    0
3497    0    0    0
3498    0    0    0
3499    0    0    0
3500    0    0    0
3501    0    0    0
3502    0    0    0
3503    0    0    0
3504    0    0    0
3505    0    0    0
3506    0    0    0
3507    0    0    0
3508    0    0    0
3509    0    0    0
3510    0    0    0
3511    0    0    0
3512    0    0    0
3513    0    0    0
3514    0    0    0
3515    0    0    0
3516    0    0    0
3517    0    0    0
3518    0    0    0
3519    0    0    0
3520    0    0    0
3521    0    0    0
3522    0    0    0
3523    0    0    0
3524    0    0    0
3525    0    0    0
3526    0    0    0
3527    0    0    0
3528    0    0    0
3529    0    0    0
3530    0    0    0
3531    0    0    0
3532    0    0    0
3533    0    0    0
3534    0    0    0
3535    0    0    0
3536    0    0    0
3537    0    0    0
3538    0    0    0
3539    0    0    0
3540    0    0    0
3541    0    0    0
3542    0    0    0
3543    0    0    0
3544    0    0    0
3545    0    0    0
3546    0    0    0
3547    0    0    0
3548    0    0    0
3549    0    0    0
3550    0    0    0
3551    0    0    0
3552    0    0    0
3553    0    0    0
3554    0    0    0
3555    0    0    0
3556    0    0    0
3557    0    0    0
3558    0    0    0
3559    0    0    0
3560    0    0    0
3561    0    0    0
3562    0    0    0
3563    0    0    0
3564    0    0    0
3565    0    0    0
3566    0    0    0
3567    0    0    0
3568    0    0    0
3569    0    0    0
3570    0    0    0
3571    0    0    0
3572    0    0    0
3573    0    0    0
3574    0    0    0
3575    0    0    0
3576    0    0    0
3577    0    0    0
3578    0    0    0
3579    0    0    0
3580    0    0    0
3581    0    0    0
3582    0    0    0
3583    0    0    0
3584    0    0    0
3585    0    0    0
3586    0    0    0
3587    0    0    0
3588    0    0    0
3589    0    0    0
3590    0    0    0
3591    0    0    0
3592    0    0    0
3593    0    0    0
3594    0    0    0
3595    0    0    0
3596    0    0    0
3597    0    0    0
3598    0    0    0
3599    0    0    0
3600    0    0    0
3601    0    0    0
3602    0    0    0
3603    0    0    0
3604    0    0    0
3605    0    0    0
3606    0    0    0
3607    0    0    0
3608    0    0    0
3609    0    0    0
3610    0    0    0
3611    0    0    0
3612    0    0    0
3613    0    0    0
3614    0    0    0
3615    0    0    0
3616    0    0    0
3617    0    0    0
3618    0    0    0
3619    0    0    0
3620    0    0    0
3621    0    0    0
3622    0    0    0
3623    0    0    0
3624    0    0    0
3625    0    0    0
3626    0    0    0
3627    0    0    0
3628    0    0    0
3629    0    0    0
3630    0    0    0
3631    0    0    0
3632    0    0    0
3633    0    0    0
3634    0    0    0
3635    0    0    0
3636    0    0    0
3637    0    0    0
3638    0    0    0
3639    0    0    0
3640    0    0    0
3641    0    0    0
3642    0    0    0
3643    0    0    0
3644    0    0    0
3645    0    0    0
3646    0    0    0
3647    0    0    0
3648    0    0    0
3649    0    0    0
3650    0    0    0
3651    0    0    0
3652    0    0    0
3653    0    0    0
3654    0    0    0
3655    0    0    0
3656    0    0    0
3657    0    0    0
3658    0    0    0
3659    0    0    0
3660    0    0    0
3661    0    0    0
3662    0    0    0
3663    0    0    0
3664    0    0    0
3665    0    0    0
3666    0    0    0
3667    0    0    0
3668    0    0    0
3669    0    0    0
3670    0    0    0
3671    0    0    0
3672    0    0    0
3673    0    0    0
3674    0    0    0
3675    0    0    0
3676    0    0    0
3677    0    0    0
3678    0    0    0
3679    0    0    0
3680    0    0    0
3681    0    0    0
3682    0    0    0
3683    0    0    0
3684    0    0    0
3685    0    0    0
3686    0    0    0
3687    0    0    0
3688    0    0    0
3689    0    0    0
3690    0    0    0
3691    0    0    0
3692    0    0    0
3693    0    0    0
3694    0    0    0
3695    0    0    0
3696    0    0    0
3697    0    0    0
3698    0    0    0
3699    0    0    0
3700    0    0    0
3701    0    0    0
3702    0    0    0
3703    0    0    0
3704    0    0    0
3705    0    0    0
3706    0    0    0
3707    0    0    0
3708    0    0    0
3709    0    0    0
3710    0    0    0
3711    0    0    0
3712    0    0    0
3713    0    0    0
3714    0    0    0
3715    0    0    0
3716    0    0    0
3717    0    0    0
3718    0    0    0
3719    0    0    0
3720    0    0    0
3721    0    0    0
3722    0    0    0
3723    0    0    0
3724    0    0    0
3725    0    0    0
3726    0    0    0
3727    0    0    0
3728    0    0    0
3729    0    0    0
3730    0    0    0
3731    0    0    0
3732    0    0    0
3733    0    0    0
3734    0    0    0
3735    0    0    0
3736    0    0    0
3737    0    0    0
3738    0    0    0
3739    0    0    0
3740    0    0    0
3741    0    0    0
3742    0    0    0
3743    0    0    0
3744    0    0    0
3745    0    0    0
3746    0    0    0
3747    0    0    0
3748    0    0    0
3749    0    0    0
3750    0    0    0
3751    0    0    0
3752    0    0    0
3753    0    0    0
3754    0    0    0
3755    0    0    0
3756    0    0    0
3757    0    0    0
3758    0    0    0
3759    0    0    0
3760    0    0    0
3761    0    0    0
3762    0    0    0
3763    0    0    0
3764    0    0    0
3765    0    0    0
3766    0    0    0
3767    0    0    0
3768    0    0    0
3769    0    0    0
3770    0    0    0
3771    0    0    0
3772    0    0    0
3773    0    0    0
3774    0    0    0
3775    0    0    0
3776    0    0    0
3777    0    0    0
3778    0    0    0
3779    0    0    0
3780    0    0    0
3781    0    0    0
3782    0    0    0
3783    0    0    0
3784    0    0    0
3785    0    0    0
3786    0    0    0
3787    0    0    0
3788    0    0    0
3789    0    0    0
3790    0    0    0
3791    0    0    0
3792    0    0    0
3793    0    0    0
3794    0    0    0
3795    0    0    0
3796    0    0    0
3797    0    0    0
3798    0    0    0
3799    0    0    0
3800    0    0    0
3801    0    0    0
3802    0    0    0
3803    0    0    0
3804    0    0    0
3805    0    0    0
3806    0    0    0
3807    0    0    0
3808    0    0    0
3809    0    0    0
3810    0    0    0
3811    0    0    0
3812    0    0    0
3813    0    0    0
3814    0    0    0
3815    0    0    0
3816    0    0    0
3817    0    0    0
3818    0    0    0
3819    0    0    0
3820    0    0    0
3821    0    0    0
3822    0    0    0
3823    0    0    0
3824    0    0    0
3825    0    0    0
3826    0    0    0
3827    0    0    0
3828    0    0    0
3829    0    0    0
3830    0    0    0
3831    0    0    0
3832    0    0    0
3833    0    0    0
3834    0    0    0
3835    0    0    0
3836    0    0    0
3837    0    0    0
3838    0    0    0
3839    0    0    0
3840    0    0    0
3841    0    0    0
3842    0    0    0
3843    0    0    0
3844    0    0    0
3845    0    0    0
3846    0    0    0
3847    0    0    0
3848    0    0    0
3849    0    0    0
3850    0    0    0
3851    0    0    0
3852    0    0    0
3853    0    0    0
3854    0    0    0
3855    0    0    0
3856    0    0    0
3857    0    0    0
3858    0    0    0
3859    0    0    0
3860    0    0    0
3861    0    0    0
3862    0    0    0
3863    0    0    0
3864    0    0    0
3865    0    0    0
3866    0    0    0
3867    0    0    0
3868    0    0    0
3869    0    0    0
3870    0    0    0
3871    0    0    0
3872    0    0    0
3873    0    0    0
3874    0    0    0
3875    0    0    0
3876    0    0    0
3877    0    0    0
3878    0    0    0
3879    0    0    0
3880    0    0    0
3881    0    0    0
3882    0    0    0
3883    0    0    0
3884    0    0    0
3885    0    0    0
3886    0    0    0
3887    0    0    0
3888    0    0    0
3889    0    0    0
3890    0    0    0
3891    0    0    0
3892    0    0    0
3893    0    0    0
3894    0    0    0
3895    0    0    0
3896    0    0    0
3897    0    0    0
3898    0    0    0
3899    0    0    0
3900    0    0    0
3901    0    0    0
3902    0    0    0
3903    0    0    0
3904    0    0    0
3905    0    0    0
3906    0    0    0
3907    0    0    0
3908    0    0    0
3909    0    0    0
3910    0    0    0
3911    0    0    0
3912    0    0    0
3913    0    0    0
3914    0    0    0
3915    0    0    0
3916    0    0    0
3917    0    0    0
3918    0    0    0
3919    0    0    0
3920    0    0    0
3921    0    0    0
3922    0    0    0
3923    0    0    0
3924    0    0    0
3925    0    0    0
3926    0    0    0
3927    0    0    0
3928    0    0    0
3929    0    0    0
3930    0    0    0
3931    0    0    0
3932    0    0    0
3933    0    0    0
3934    0    0    0
3935    0    0    0
3936    0    0    0
3937    0    0    0
3938    0    0    0
3939    0    0    0
3940    0    0    0
3941    0    0    0
3942    0    0    0
3943    0    0    0
3944    0    0    0
3945    0    0    0
3946    0    0    0
3947    0    0    0
3948    0    0    0
3949    0    0    0
3950    0    0    0
3951    0    0    0
3952    0    0    0
3953    0    0    0
3954    0    0    0
3955    0    0    0
3956    0    0    0
3957    0    0    0
3958    0    0    0
3959    0    0    0
3960    0    0    0
3961    0    0    0
3962    0    0    0
3963    0    0    0
3964    0    0    0
3965    0    0    0
3966    0    0    0
3967    0    0    0
3968    0    0    0
3969    0    0    0
3970    0    0    0
3971    0    0    0
3972    0    0    0
3973    0    0    0
3974    0    0    0
3975    0    0    0
3976    0    0    0
3977    0    0    0
3978    0    0    0
3979    0    0    0
3980    0    0    0
3981    0    0    0
3982    0    0    0
3983    0    0    0
3984    0    0    0
3985    0    0    0
3986    0    0    0
3987    0    0    0
3988    0    0    0
3989    0    0    0
3990    0    0    0
3991    0    0    0
3992    0    0    0
3993    0    0    0
3994    0    0    0
3995    0    0    0
3996    0    0    0
3997    0    0    0
3998    0    0    0
3999    0    0    0
4000    0    0    0
4001    0    0    0
4002    0    0    0
4003    0    0    0
4004    0    0    0
4005    0    0    0
4006    0    0    0
4007    0    0    0
4008    0    0    0
4009    0    0    0
4010    0    0    0
4011    0    0    0
4012    0    0    0
4013    0    0    0
4014    0    0    0
4015    0    0    0
4016    0    0    0
4017    0    0    0
4018    0    0    0
4019    0    0    0
4020    0    0    0
4021    0    0    0
4022    0    0    0
4023    0    0    0
4024    0    0    0
4025    0    0    0
4026    0    0    0
4027    0    0    0
4028    0    0    0
4029    0    0    0
4030    0    0    0
4031    0    0    0
4032    0    0    0
4033    0    0    0
4034    0    0    0
4035    0    0    0
4036    0    0    0
4037    0    0    0
4038    0    0    0
4039    0    0    0
4040    0    0    0
4041    0    0    0
4042    0    0    0
4043    0    0    0
4044    0    0    0
4045    0    0    0
4046    0    0    0
4047    0    0    0
4048    0    0    0
4049    0    0    0
4050    0    0    0
4051    0    0    0
4052    0    0    0
4053    0    0    0
4054    0    0    0
4055    0    0    0
4056    0    0    0
4057    0    0    0
4058    0    0    0
4059    0    0    0
4060    0    0    0
4061    0    0    0
4062    0    0    0
4063    0    0    0
4064    0    0    0
4065    0    0    0
4066    0    0    0
4067    0    0    0
4068    0    0    0
4069    0    0    0
4070    0    0    0
4071    0    0    0
4072    0    0    0
4073    0    0    0
4074    0    0    0
4075    0    0    0
4076    0    0    0
4077    0    0    0
4078    0    0    0
4079    0    0    0
4080    0    0    0
4081    0    0    0
4082    0    0    0
4083    0    0    0
4084    0    0    0
4085    0    0    0
4086    0    0    0
4087    0    0    0
4088    0    0    0
4089    0    0    0
4090    0    0    0
4091    0    0    0
4092    0    0    0
4093    0    0    0
4094    0    0    0
4095    0    0    0
4096    0    0    0
