    0 2026    0    0
    1    0    0    0
    2    0    1    1
    3    0    1    0
    4    0    0    0
    5    0    0    0
    6    0    1    0
    7    0    0    0
    8    0    0    0
    9    0    1    0
   10    0    0    0
   11    0    0    0
   12    0    0    0
   13    0    0    0
   14    0    0    0
   15    0    0    0
   16    0    0    0
   17    0    0    0
   18    0    0    0
   19    0    0    0
   20    0    0    0
   21    0    2    0
   22    1    0    0
   23    0    0    0
   24    0    0    0
   25    0    0    0
   26    0    0    0
   27    0    2    0
   28    0    0    0
   29    0    0    0
   30    1    0    0
   31    0    0    0
   32    0    0    0
   33    0    0    0
   34    0    1    1
   35    0    2    0
   36    0    0    1
   37    0    0    0
   38    0    1    0
   39    0    0    0
   40    0    0    0
   41    0    1    0
   42    0    1    0
   43    1    0    0
   44    0    0    0
   45    0    0    0
   46    0    0    0
   47    0    0    0
   48    0    0    0
   49    0    0    0
   50    0    0    0
   51    0    0    0
   52    0    0    0
   53    0    0    0
   54    0    0    0
   55    0    0    0
   56    0    0    0
   57    0    0    0
   58    0    0    0
   59    0    0    0
   60    0    0    1
   61    0    1    0
   62    0    0    0
   63    0    0    0
   64    3    0    0
   65    0    0    0
   66    0    2    0
   67    0    0    0
   68    0    1    0
   69    0    0    0
   70    0    0    0
   71    0    1    0
   72    0    1    1
   73    0    0    0
   74    0    0    0
   75    0    0    0
   76    0    0    0
   77    0    0    0
   78    0    0    0
   79    0    0    0
   80    0    0    0
   81    0    0    0
   82    0    0    0
   83    0    0    0
   84    0    0    0
   85    0    0    0
   86    0    0    0
   87    0    0    0
   88    0    0    0
   89    0    0    0
   90    0    0    0
   91    0    0    0
   92    0    0    0
   93    0    0    0
   94    0    0    0
   95    0    0    0
   96    0    0    0
   97    0    0    0
   98    0    0    0
   99    0    0    0
  100    0    0    0
  101    0    0    0
  102    0    0    0
  103    0    0    0
  104    0    0    0
  105    0    0    0
  106    0    0    0
  107    0    0    0
  108    0    0    0
  109    0    0    0
  110    0    0    0
  111    0    0    0
  112    0    0    0
  113    0    0    0
  114    0    0    0
  115    0    0    0
  116    0    0    0
  117    0    0    0
  118    0    0    0
  119    0    3    0
  120    0    0    0
  121    0    0    0
  122    0    0    0
  123    0    0    0
  124    0    0    0
  125    0    0    0
  126    0    0    0
  127    0    0    0
  128    0    0    0
  129    0    0    0
  130    0    0    0
  131    0    0    0
  132    0    0    0
  133    0    0    0
  134    0    0    0
  135    0    0    0
  136    0    0    0
  137    0    0    0
  138    0    0    0
  139    0    0    0
  140    0    0    1
  141    0    0    0
  142    0    3    0
  143    0    0    0
  144    0    0    0
  145    0    0    1
  146    0    0    0
  147    0    0    0
  148    0    0    0
  149    0    0    0
  150    0    0    0
  151    0    0    0
  152    0    0    1
  153    0    0    0
  154    0    0    1
  155    0    0    0
  156    0    0    0
  157    0    0    0
  158    0    0    0
  159    0    0    0
  160    0    0    0
  161    0    0    0
  162    0    0    0
  163    0    0    0
  164    0    0    0
  165    0    0    0
  166    0    0    0
  167    0    0    0
  168    0    0    0
  169    0    0    0
  170    0    0    0
  171    0    0    0
  172    0    1    0
  173    0    0    0
  174    0    0    0
  175    0    0    0
  176    0    0    0
  177    0    0    0
  178    0    0    0
  179    0    0    0
  180    0    0    0
  181    0    0    0
  182    0    0    0
  183    0    0    0
  184    0    0    0
  185    3    0    0
  186    0    0    0
  187    0    0    0
  188    0    0    0
  189    0    0    0
  190    0    0    0
  191    0    0    0
  192    0    0    0
  193    0    0    0
  194    0    0    0
  195    0    0    0
  196    0    0    0
  197    0    0    0
  198    0    0    0
  199    0    0    0
  200    0    0    0
  201    0    0    0
  202    0    0    0
  203    0    0    0
  204    0    0    0
  205    0    0    0
  206    0    0    0
  207    0    0    0
  208    0    0    0
  209    0    0    0
  210    0    0    0
  211    0    0    0
  212    0    0    0
  213    0    0    0
  214    0    0    0
  215    0    0    0
  216    0    0    0
  217    0    0    0
  218    0    0    0
  219    0    0    0
  220    0    0    0
  221    0    0    0
  222    0    0    0
  223    0    0    0
  224    0    0    0
  225    0    0    0
  226    0    0    0
  227    0    0    0
  228    0    0    0
  229    0    0    0
  230    0    0    0
  231    0    0    0
  232    0    0    0
  233    0    0    0
  234    0    0    0
  235    0    0    0
  236    0    0    0
  237    0    0    0
  238    0    0    0
  239    0    0    0
  240    0    3    0
  241    0    0    0
  242    0    0    1
  243    0    0    0
  244    0    0    0
  245    0    0    0
  246    0    0    0
  247    0    0    0
  248    0    0    0
  249    0    0    0
  250    0    0    0
  251    0    0    0
  252    0    0    0
  253    0    0    0
  254    1    0    0
  255    8    0    0
  256    0    0    0
  257    0    1    0
  258    1    1    1
  259    1    1    0
  260    0    0    0
  261    1    1    1
  262    0    0    0
  263    0    3    0
  264    0    0    2
  265    1    0    0
  266    0    2    0
  267    1    0    0
  268    0    1    1
  269    0    0    0
  270    0    0    1
  271    0    0    0
  272    0    0    0
  273    0    0    0
  274    0    1    0
  275    0    1    0
  276    0    0    0
  277    0    0    0
  278    0    0    0
  279    0    0    0
  280    1    0    0
  281    0    0    2
  282    0    0    0
  283    1    0    0
  284    0    0    1
  285    0    0    1
  286    0    0    0
  287    0    0    0
  288    0    0    0
  289    0    1    0
  290    0    0    0
  291    0    1    0
  292    0    0    0
  293    0    0    1
  294    0    1    0
  295    0    0    1
  296    0    0    0
  297    1    0    0
  298    0    1    0
  299    0    0    0
  300    0    0    0
  301    0    1    0
  302    0    0    0
  303    0    0    0
  304    0    0    0
  305    0    0    0
  306    3    0    0
  307    0    0    0
  308    0    0    0
  309    0    0    0
  310    0    0    0
  311    0    0    0
  312    0    0    0
  313    0    2    0
  314    0    0    0
  315    0    0    0
  316    0    0    0
  317    0    0    0
  318    0    0    0
  319    0    1    0
  320    0    0    0
  321    0    2    1
  322    0    0    1
  323    0    0    1
  324    0    1    0
  325    0    0    0
  326    0    0    1
  327    0    2    0
  328    0    0    0
  329    0    0    0
  330    0    0    0
  331    0    0    0
  332    0    0    0
  333    0    0    0
  334    0    0    0
  335    0    0    0
  336    0    0    0
  337    0    0    0
  338    0    0    0
  339    0    0    0
  340    0    0    0
  341    0    0    0
  342    0    0    0
  343    0    0    0
  344    0    0    0
  345    0    1    0
  346    0    0    0
  347    0    1    0
  348    0    0    0
  349    0    0    0
  350    1    0    0
  351    1    0    0
  352    0    0    0
  353    0    0    1
  354    0    0    5
  355    0    0    6
  356    0    0   24
  357    0    1   75
  358    1    0  165
  359    0    0  256
  360    0    0  278
  361    0    0  330
  362    0    3  304
  363    0    1  342
  364    0    0  278
  365    0    0  350
  366    0    0  318
  367    0    0  399
  368    0    0  332
  369    0    0  329
  370    0    0  334
  371    0    0  336
  372    0    0  354
  373    0    0  353
  374    0    0  333
  375    2    0  322
  376    0    0  316
  377    0    0  336
  378    0    0  361
  379    0    0  305
  380    1    0  302
  381    0    0  316
  382    0    1  307
  383    0    0  406
  384    0    3  249
  385    0    1  328
  386    0    2  330
  387    0    2  358
  388    0   20  319
  389    0   65  338
  390    0  120  364
  391    3  248  373
  392    9  276  338
  393   16  335  343
  394   45  300  342
  395  131  341  345
  396  242  302  299
  397  337  344  355
  398  297  324  319
  399  395  399  344
  400  356  306  321
  401  328  367  309
  402  400  408  344
  403  361  402  333
  404  338  407  307
  405  317  360  335
  406  378  365  376
  407  365  399  350
  408  338  320  299
  409  343  351  337
  410  370  329  339
  411  355  369  370
  412  292  330  345
  413  349  314  311
  414  325  349  325
  415  380  326  316
  416  294  332  285
  417  341  381  317
  418  349  303  295
  419  329  333  335
  420  337  320  319
  421  348  301  304
  422  345  261  288
  423  384  226  290
  424  337  191  287
  425  395  270  331
  426  316  286  274
  427  369  319  330
  428  360  325  274
  429  376  330  324
  430  352  308  298
  431  377  374  371
  432  336  330  278
  433  364  331  284
  434  334  369  299
  435  318  320  329
  436  350  326  337
  437  329  308  333
  438  345  346  324
  439  387  313  359
  440  289  285  302
  441  351  319  344
  442  358  303  312
  443  377  339  332
  444  333  322  358
  445  383  267  336
  446  349  297  328
  447  522  350  416
  448  299  237  247
  449  360  308  368
  450  336  316  319
  451  355  364  353
  452  321  290  293
  453  354  340  330
  454  344  337  314
  455  363  333  347
  456  314  316  288
  457  352  369  343
  458  332  334  318
  459  386  407  341
  460  319  316  269
  461  407  375  344
  462  334  305  312
  463  385  369  384
  464  347  323  314
  465  356  323  315
  466  373  360  360
  467  354  319  339
  468  310  316  342
  469  333  307  305
  470  371  338  326
  471  351  351  332
  472  364  327  282
  473  368  360  315
  474  356  338  358
  475  343  366  350
  476  308  317  289
  477  334  358  319
  478  329  367  345
  479  341  370  350
  480  293  321  281
  481  322  318  357
  482  302  321  320
  483  289  349  355
  484  328  328  326
  485  306  381  343
  486  287  338  310
  487  310  335  339
  488  301  298  288
  489  370  338  356
  490  292  307  312
  491  365  398  349
  492  323  298  301
  493  357  368  365
  494  312  291  325
  495  391  370  411
  496  334  304  318
  497  351  319  291
  498  326  314  317
  499  381  328  318
  500  349  339  334
  501  377  325  337
  502  337  336  358
  503  355  340  314
  504  336  305  295
  505  315  352  288
  506  350  350  349
  507  357  366  336
  508  341  321  301
  509  356  328  338
  510  320  343  343
  511  360  343  365
  512  321  324  311
  513  375  349  321
  514  370  327  328
  515  328  372  311
  516  341  304  346
  517  363  348  348
  518  374  332  356
  519  376  342  368
  520  317  301  310
  521  364  325  359
  522  287  322  291
  523  375  341  353
  524  342  303  282
  525  361  337  332
  526  296  295  315
  527  397  385  385
  528  321  343  334
  529  328  311  295
  530  353  357  313
  531  363  346  351
  532  335  352  316
  533  337  297  323
  534  382  350  337
  535  355  358  336
  536  311  285  299
  537  334  294  355
  538  332  348  348
  539  367  357  330
  540  358  347  350
  541  339  334  304
  542  336  328  313
  543  436  348  392
  544  320  289  305
  545  364  353  359
  546  311  303  318
  547  359  353  326
  548  329  321  331
  549  389  350  360
  550  348  327  324
  551  329  345  326
  552  307  303  317
  553  356  353  369
  554  325  341  277
  555  350  373  336
  556  326  305  321
  557  362  362  363
  558  330  319  322
  559  400  397  370
  560  345  293  311
  561  348  299  313
  562  347  322  360
  563  308  335  335
  564  380  382  335
  565  342  334  317
  566  392  331  340
  567  400  322  328
  568  346  319  307
  569  338  323  333
  570  331  327  327
  571  309  345  345
  572  352  358  352
  573  362  335  322
  574  361  346  342
  575  407  392  374
  576  283  267  282
  577  379  296  323
  578  331  343  337
  579  347  353  339
  580  320  378  321
  581  380  376  344
  582  347  326  335
  583  364  332  338
  584  320  326  287
  585  381  371  359
  586  313  303  325
  587  371  368  350
  588  299  280  262
  589  389  375  380
  590  348  302  311
  591  408  384  364
  592  314  332  325
  593  306  306  327
  594  367  352  359
  595  373  300  352
  596  354  323  311
  597  315  329  314
  598  399  357  330
  599  335  329  312
  600  340  347  324
  601  316  360  309
  602  385  338  336
  603  388  342  355
  604  315  290  335
  605  346  332  312
  606  368  345  359
  607  414  427  369
  608  292  297  304
  609  379  360  344
  610  338  328  333
  611  347  345  347
  612  321  328  358
  613  355  358  357
  614  321  368  322
  615  375  322  373
  616  314  310  314
  617  391  359  350
  618  334  313  295
  619  365  336  363
  620  332  305  302
  621  367  377  354
  622  314  300  297
  623  402  375  384
  624  328  322  336
  625  332  344  303
  626  377  314  326
  627  315  328  355
  628  353  384  364
  629  335  287  330
  630  343  353  350
  631  327  309  322
  632  367  316  313
  633  365  330  323
  634  331  327  352
  635  354  381  327
  636  340  310  334
  637  373  340  338
  638  343  312  336
  639  427  414  427
  640  255  246  251
  641  357  348  322
  642  335  336  354
  643  338  344  333
  644  337  320  324
  645  343  368  362
  646  368  287  319
  647  362  369  348
  648  275  304  290
  649  392  341  328
  650  354  285  287
  651  373  395  360
  652  292  275  341
  653  423  360  360
  654  334  340  275
  655  396  391  373
  656  367  350  324
  657  304  318  300
  658  382  332  376
  659  368  319  365
  660  362  345  341
  661  320  295  322
  662  378  330  362
  663  367  330  377
  664  273  313  281
  665  335  310  330
  666  374  370  317
  667  380  365  309
  668  316  316  270
  669  356  311  292
  670  374  368  295
  671  417  387  331
  672  295  291  234
  673  362  387  309
  674  351  337  272
  675  293  333  278
  676  349  369  312
  677  399  362  297
  678  335  285  270
  679  363  338  334
  680  303  297  252
  681  383  377  317
  682  304  302  300
  683  380  317  335
  684  349  323  328
  685  396  342  345
  686  330  262  320
  687  395  332  367
  688  333  290  323
  689  321  303  302
  690  354  306  356
  691  298  268  323
  692  378  311  304
  693  326  312  308
  694  383  306  321
  695  342  287  317
  696  300  273  327
  697  355  311  333
  698  379  288  366
  699  331  325  326
  700  358  317  367
  701  388  370  322
  702  369  299  326
  703  431  381  366
  704  313  301  257
  705  355  327  346
  706  357  343  329
  707  352  386  346
  708  326  301  339
  709  348  364  321
  710  349  313  320
  711  324  310  347
  712  327  299  286
  713  383  355  338
  714  284  302  337
  715  410  400  355
  716  262  291  271
  717  340  369  364
  718  313  302  289
  719  358  393  354
  720  302  318  338
  721  297  327  300
  722  306  389  371
  723  314  350  346
  724  287  350  304
  725  290  318  302
  726  341  351  315
  727  269  366  356
  728  278  302  267
  729  309  321  325
  730  299  352  332
  731  346  369  380
  732  278  277  325
  733  296  344  343
  734  346  338  358
  735  430  403  423
  736  295  296  302
  737  356  320  356
  738  346  322  306
  739  361  336  331
  740  369  304  323
  741  327  345  323
  742  316  307  314
  743  332  364  333
  744  336  301  289
  745  375  385  357
  746  297  296  291
  747  373  369  376
  748  287  323  304
  749  407  368  384
  750  319  314  330
  751  389  343  370
  752  347  321  353
  753  341  291  303
  754  348  325  339
  755  326  307  328
  756  355  351  341
  757  340  348  317
  758  348  386  292
  759  371  339  332
  760  307  335  276
  761  340  341  321
  762  318  322  288
  763  341  310  313
  764  327  335  293
  765  363  316  304
  766  299  334  340
  767  603  543  522
  768  248  246  253
  769  369  333  322
  770  363  293  364
  771  350  339  391
  772  368  351  421
  773  360  328  406
  774  360  336  414
  775  337  353  463
  776  302  296  464
  777  353  350  585
  778  316  302  480
  779  357  357  590
  780  295  322  503
  781  398  351  681
  782  311  311  603
  783  432  394  718
  784  376  284  602
  785  360  288  647
  786  486  369  709
  787  419  298  652
  788  459  341  671
  789  469  315  561
  790  548  415  736
  791  553  352  647
  792  547  390  592
  793  561  374  584
  794  598  483  579
  795  672  457  587
  796  575  471  509
  797  619  466  483
  798  727  511  523
  799  747  571  529
  800  623  507  438
  801  744  559  483
  802  676  566  402
  803  630  589  412
  804  717  623  429
  805  697  665  395
  806  645  655  325
  807  636  672  326
  808  546  591  304
  809  606  703  383
  810  494  624  291
  811  539  703  344
  812  499  650  312
  813  555  755  384
  814  386  597  303
  815  566  775  436
  816  432  541  282
  817  368  598  330
  818  409  626  332
  819  350  525  314
  820  431  587  383
  821  307  475  337
  822  366  516  330
  823  338  483  300
  824  313  415  305
  825  349  450  330
  826  331  390  323
  827  317  339  292
  828  349  307  303
  829  367  299  323
  830  298  332  351
  831  411  300  391
  832  308  249  297
  833  361  273  348
  834  384  295  325
  835  353  284  354
  836  325  245  327
  837  354  301  297
  838  340  304  336
  839  308  282  320
  840  300  258  327
  841  399  371  359
  842  302  297  305
  843  387  375  354
  844  300  287  239
  845  400  376  358
  846  299  284  306
  847  417  373  415
  848  328  307  276
  849  307  271  310
  850  368  379  364
  851  384  354  333
  852  355  296  352
  853  306  303  294
  854  378  383  347
  855  325  315  322
  856  316  319  318
  857  341  299  308
  858  331  331  362
  859  355  356  363
  860  273  329  299
  861  353  338  336
  862  371  341  313
  863  405  337  350
  864  318  293  271
  865  365  341  348
  866  303  316  339
  867  351  320  301
  868  349  350  319
  869  362  333  370
  870  304  371  331
  871  346  321  306
  872  340  293  291
  873  406  389  348
  874  272  281  308
  875  349  381  392
  876  298  287  290
  877  400  386  355
  878  301  293  278
  879  401  404  391
  880  298  306  276
  881  318  318  313
  882  354  316  342
  883  366  289  328
  884  349  361  369
  885  344  291  317
  886  350  344  340
  887  310  319  330
  888  349  323  316
  889  367  352  329
  890  348  345  302
  891  324  346  328
  892  343  314  334
  893  324  357  345
  894  317  313  321
  895  426  426  377
  896  234  263  265
  897  321  324  307
  898  373  331  296
  899  356  348  316
  900  339  283  308
  901  305  334  317
  902  318  341  351
  903  312  340  370
  904  235  245  284
  905  329  356  399
  906  287  291  321
  907  347  373  331
  908  247  311  286
  909  302  343  376
  910  276  297  303
  911  324  409  380
  912  285  315  289
  913  293  301  305
  914  379  351  360
  915  318  300  348
  916  324  307  312
  917  302  289  292
  918  368  340  362
  919  359  285  355
  920  282  217  291
  921  321  299  295
  922  365  311  351
  923  352  303  315
  924  328  250  265
  925  319  273  250
  926  349  292  285
  927  373  342  306
  928  278  285  266
  929  325  316  304
  930  276  297  276
  931  305  338  300
  932  367  325  304
  933  382  310  352
  934  366  305  312
  935  387  369  282
  936  299  275  265
  937  381  363  342
  938  277  272  283
  939  381  356  335
  940  314  276  306
  941  399  382  354
  942  270  307  269
  943  407  402  420
  944  350  306  310
  945  295  326  281
  946  364  351  361
  947  278  300  309
  948  415  346  344
  949  340  321  323
  950  331  332  362
  951  354  332  365
  952  316  280  284
  953  367  325  315
  954  311  290  311
  955  323  321  326
  956  305  337  329
  957  341  349  356
  958  356  300  352
  959  433  357  373
  960  321  278  307
  961  363  321  333
  962  325  345  339
  963  350  372  373
  964  329  325  291
  965  348  336  367
  966  335  348  309
  967  347  337  373
  968  298  273  265
  969  394  356  353
  970  310  255  270
  971  381  415  388
  972  285  262  269
  973  384  372  370
  974  292  331  306
  975  366  387  378
  976  362  291  309
  977  320  326  306
  978  367  331  369
  979  351  369  373
  980  336  320  330
  981  297  286  308
  982  381  355  300
  983  327  343  346
  984  335  275  309
  985  332  311  342
  986  378  323  342
  987  395  388  353
  988  317  274  285
  989  327  332  331
  990  346  369  350
  991  398  408  401
  992  294  306  293
  993  396  333  360
  994  320  302  315
  995  345  332  326
  996  314  329  328
  997  351  361  383
  998  296  306  323
  999  339  365  325
 1000  311  292  278
 1001  413  381  382
 1002  305  288  287
 1003  402  304  335
 1004  314  304  301
 1005  403  400  359
 1006  298  295  289
 1007  396  388  381
 1008  330  324  319
 1009  309  297  321
 1010  380  356  339
 1011  287  293  294
 1012  369  327  363
 1013  315  335  342
 1014  382  354  383
 1015  358  329  319
 1016  326  341  280
 1017  363  353  329
 1018  337  350  329
 1019  321  322  342
 1020  353  349  335
 1021  376  362  311
 1022  336  338  334
 1023  307  268  252
 1024  334  299  294
 1025  302  358  325
 1026  335  340  344
 1027  332  343  330
 1028  333  290  359
 1029  359  306  357
 1030  339  334  327
 1031  313  331  363
 1032  302  286  274
 1033  391  359  355
 1034  291  295  327
 1035  364  369  390
 1036  330  314  291
 1037  407  376  352
 1038  317  284  319
 1039  416  381  426
 1040  335  330  308
 1041  276  290  283
 1042  385  388  380
 1043  328  329  332
 1044  335  333  317
 1045  280  262  269
 1046  395  378  362
 1047  346  327  355
 1048  295  312  304
 1049  341  325  312
 1050  385  350  375
 1051  345  352  369
 1052  365  324  305
 1053  333  311  329
 1054  351  354  367
 1055  396  406  362
 1056  285  291  296
 1057  366  357  340
 1058  339  301  306
 1059  325  289  347
 1060  393  344  374
 1061  355  317  311
 1062  357  300  355
 1063  338  349  345
 1064  302  319  278
 1065  405  349  377
 1066  293  270  272
 1067  341  344  338
 1068  303  338  307
 1069  407  372  366
 1070  286  315  287
 1071  403  389  427
 1072  314  329  276
 1073  322  282  331
 1074  406  341  362
 1075  326  285  319
 1076  389  376  384
 1077  322  330  316
 1078  356  333  346
 1079  349  298  325
 1080  322  311  324
 1081  321  333  340
 1082  377  294  342
 1083  357  321  314
 1084  330  376  361
 1085  349  356  313
 1086  363  349  347
 1087  436  402  404
 1088  262  264  272
 1089  352  346  350
 1090  320  349  300
 1091  386  350  309
 1092  298  316  313
 1093  348  345  360
 1094  327  356  340
 1095  313  320  325
 1096  333  297  327
 1097  402  364  377
 1098  325  291  295
 1099  432  376  393
 1100  268  295  267
 1101  379  342  364
 1102  326  287  289
 1103  415  379  375
 1104  306  350  325
 1105  324  289  285
 1106  397  358  340
 1107  321  381  350
 1108  379  339  331
 1109  326  280  261
 1110  376  365  415
 1111  283  311  312
 1112  325  346  331
 1113  326  310  319
 1114  350  358  386
 1115  398  400  380
 1116  309  284  272
 1117  329  341  325
 1118  402  344  335
 1119  385  399  339
 1120  268  271  287
 1121  397  348  381
 1122  309  293  281
 1123  338  323  315
 1124  348  342  314
 1125  386  330  370
 1126  314  318  325
 1127  297  348  302
 1128  319  298  336
 1129  407  345  401
 1130  280  315  285
 1131  369  387  385
 1132  309  324  298
 1133  409  371  393
 1134  287  285  268
 1135  423  408  379
 1136  333  320  312
 1137  326  316  306
 1138  387  359  329
 1139  328  351  319
 1140  360  327  350
 1141  297  325  293
 1142  344  357  340
 1143  271  293  288
 1144  344  331  359
 1145  353  335  343
 1146  327  325  337
 1147  359  315  351
 1148  346  311  330
 1149  376  364  316
 1150  390  335  307
 1151  362  384  367
 1152  312  278  294
 1153  318  339  351
 1154  359  384  350
 1155  330  316  305
 1156  340  324  330
 1157  366  297  349
 1158  319  333  337
 1159  337  336  360
 1160  260  258  263
 1161  368  332  354
 1162  266  329  289
 1163  326  362  395
 1164  258  268  291
 1165  337  375  362
 1166  266  296  310
 1167  366  379  378
 1168  340  358  338
 1169  243  300  290
 1170  335  372  348
 1171  271  326  348
 1172  329  356  298
 1173  272  270  299
 1174  339  323  353
 1175  306  313  365
 1176  247  241  290
 1177  343  306  317
 1178  370  322  331
 1179  365  314  321
 1180  287  224  292
 1181  309  265  278
 1182  369  303  331
 1183  407  319  343
 1184  318  285  232
 1185  337  305  295
 1186  336  315  275
 1187  318  260  264
 1188  374  322  311
 1189  349  347  278
 1190  334  292  261
 1191  350  330  337
 1192  301  251  250
 1193  383  379  374
 1194  259  263  235
 1195  362  309  309
 1196  335  316  321
 1197  394  367  352
 1198  263  286  250
 1199  416  352  357
 1200  366  346  371
 1201  316  310  293
 1202  397  365  379
 1203  282  297  295
 1204  405  363  392
 1205  328  319  292
 1206  365  335  320
 1207  348  313  349
 1208  280  269  287
 1209  333  362  340
 1210  341  316  317
 1211  334  336  308
 1212  359  355  349
 1213  362  355  302
 1214  336  279  302
 1215  462  442  410
 1216  264  263  249
 1217  332  357  352
 1218  344  325  301
 1219  388  330  345
 1220  319  301  326
 1221  368  337  348
 1222  348  339  334
 1223  335  349  330
 1224  294  293  279
 1225  394  390  354
 1226  280  258  281
 1227  384  395  395
 1228  249  262  259
 1229  405  391  374
 1230  276  265  267
 1231  350  358  359
 1232  369  367  353
 1233  276  304  302
 1234  382  394  364
 1235  353  344  323
 1236  309  309  335
 1237  311  288  303
 1238  404  427  331
 1239  336  333  324
 1240  307  330  287
 1241  311  315  330
 1242  355  330  356
 1243  366  362  395
 1244  267  279  271
 1245  328  321  291
 1246  356  318  289
 1247  402  407  367
 1248  300  295  270
 1249  406  315  345
 1250  319  327  293
 1251  343  315  358
 1252  345  322  334
 1253  373  337  335
 1254  307  291  325
 1255  344  331  322
 1256  295  314  265
 1257  363  393  389
 1258  269  311  294
 1259  376  361  377
 1260  269  283  264
 1261  427  392  376
 1262  269  250  266
 1263  338  353  370
 1264  385  348  355
 1265  315  316  260
 1266  371  355  377
 1267  290  309  283
 1268  374  327  318
 1269  342  276  307
 1270  365  343  373
 1271  317  297  266
 1272  352  335  328
 1273  331  340  337
 1274  309  318  304
 1275  374  346  317
 1276  348  316  308
 1277  328  327  323
 1278  316  344  342
 1279  503  471  504
 1280  243  239  244
 1281  319  336  312
 1282  355  305  330
 1283  316  340  310
 1284  332  320  309
 1285  325  324  343
 1286  353  327  339
 1287  379  334  332
 1288  276  297  259
 1289  426  360  336
 1290  263  290  290
 1291  376  365  359
 1292  305  283  254
 1293  358  356  364
 1294  284  268  297
 1295  449  405  382
 1296  311  341  276
 1297  254  282  262
 1298  384  390  359
 1299  324  311  314
 1300  351  325  325
 1301  298  233  268
 1302  383  341  391
 1303  335  327  332
 1304  264  271  324
 1305  309  319  301
 1306  378  368  373
 1307  364  345  307
 1308  302  322  326
 1309  300  323  328
 1310  352  343  343
 1311  345  312  327
 1312  284  333  298
 1313  347  370  321
 1314  334  319  287
 1315  297  277  272
 1316  377  343  366
 1317  373  357  346
 1318  335  324  291
 1319  342  349  319
 1320  296  237  276
 1321  413  365  363
 1322  278  271  263
 1323  318  311  340
 1324  318  328  271
 1325  413  403  378
 1326  264  255  248
 1327  408  404  414
 1328  300  260  316
 1329  285  305  329
 1330  340  334  362
 1331  297  319  268
 1332  390  368  369
 1333  298  339  296
 1334  343  358  330
 1335  308  319  299
 1336  305  275  283
 1337  334  335  322
 1338  352  310  288
 1339  318  311  292
 1340  372  359  334
 1341  333  340  326
 1342  331  298  350
 1343  446  415  397
 1344  258  222  242
 1345  322  344  327
 1346  363  309  348
 1347  348  322  346
 1348  274  293  306
 1349  302  338  336
 1350  320  303  323
 1351  292  294  264
 1352  294  286  316
 1353  400  373  336
 1354  274  292  280
 1355  418  397  417
 1356  269  227  275
 1357  397  383  365
 1358  290  311  256
 1359  423  431  436
 1360  284  298  292
 1361  276  274  287
 1362  405  379  372
 1363  323  357  363
 1364  293  316  294
 1365  296  287  271
 1366  404  361  377
 1367  344  241  309
 1368  353  304  303
 1369  326  298  274
 1370  339  348  323
 1371  369  372  347
 1372  299  280  297
 1373  346  288  312
 1374  335  339  322
 1375  352  342  356
 1376  331  296  303
 1377  342  336  337
 1378  312  282  284
 1379  280  322  326
 1380  351  305  347
 1381  350  369  341
 1382  287  313  295
 1383  308  351  302
 1384  319  306  317
 1385  444  385  381
 1386  257  259  259
 1387  364  359  305
 1388  311  259  307
 1389  396  351  367
 1390  276  299  264
 1391  405  375  393
 1392  320  262  308
 1393  323  284  265
 1394  352  347  362
 1395  303  319  289
 1396  364  372  362
 1397  293  275  311
 1398  323  364  351
 1399  268  304  282
 1400  339  319  335
 1401  331  328  329
 1402  330  348  342
 1403  354  333  334
 1404  333  304  315
 1405  329  309  339
 1406  324  315  327
 1407  383  368  373
 1408  313  275  288
 1409  342  345  328
 1410  356  316  328
 1411  328  323  322
 1412  308  299  324
 1413  336  373  334
 1414  352  309  294
 1415  395  390  328
 1416  257  237  252
 1417  376  382  367
 1418  305  267  269
 1419  374  355  370
 1420  271  309  257
 1421  382  355  383
 1422  293  270  257
 1423  387  353  399
 1424  342  326  314
 1425  260  265  297
 1426  402  400  369
 1427  309  293  346
 1428  342  346  334
 1429  271  256  277
 1430  399  365  388
 1431  336  349  387
 1432  252  253  268
 1433  299  318  313
 1434  382  374  345
 1435  391  341  346
 1436  319  276  309
 1437  316  308  298
 1438  385  370  359
 1439  342  312  333
 1440  344  312  310
 1441  356  331  338
 1442  332  301  294
 1443  299  285  269
 1444  369  343  353
 1445  334  355  346
 1446  295  298  279
 1447  330  348  374
 1448  199  225  290
 1449  335  426  362
 1450  231  264  276
 1451  309  342  343
 1452  288  286  336
 1453  337  364  396
 1454  237  276  281
 1455  364  389  416
 1456  301  298  307
 1457  284  281  303
 1458  361  346  368
 1459  277  261  259
 1460  403  351  345
 1461  311  306  245
 1462  360  323  337
 1463  371  302  308
 1464  280  249  266
 1465  333  290  337
 1466  363  299  316
 1467  284  275  261
 1468  347  288  317
 1469  348  312  295
 1470  324  280  307
 1471  438  402  389
 1472  240  230  239
 1473  340  302  305
 1474  349  311  336
 1475  378  322  345
 1476  327  269  265
 1477  384  327  304
 1478  311  307  319
 1479  340  352  323
 1480  292  292  252
 1481  402  352  383
 1482  279  325  292
 1483  447  410  419
 1484  211  239  250
 1485  417  380  383
 1486  278  283  280
 1487  415  405  410
 1488  346  324  325
 1489  287  297  295
 1490  432  367  371
 1491  362  324  337
 1492  325  335  298
 1493  271  278  288
 1494  420  368  377
 1495  351  306  307
 1496  296  301  304
 1497  300  287  333
 1498  368  344  314
 1499  392  361  389
 1500  296  252  255
 1501  316  316  324
 1502  353  392  368
 1503  372  326  362
 1504  340  301  315
 1505  354  373  373
 1506  320  314  312
 1507  327  344  323
 1508  361  320  324
 1509  370  379  367
 1510  322  329  313
 1511  355  330  323
 1512  291  236  265
 1513  448  422  403
 1514  285  260  250
 1515  389  349  390
 1516  279  289  290
 1517  398  381  439
 1518  246  241  259
 1519  403  417  404
 1520  361  335  302
 1521  276  301  313
 1522  425  380  354
 1523  345  325  342
 1524  360  335  361
 1525  306  303  308
 1526  345  358  347
 1527  335  350  322
 1528  345  314  300
 1529  355  334  353
 1530  360  311  349
 1531  358  325  353
 1532  306  324  306
 1533  357  343  328
 1534  342  334  327
 1535  410  379  393
 1536  337  318  313
 1537  317  340  342
 1538  343  316  329
 1539  357  358  359
 1540  355  321  300
 1541  346  356  324
 1542  329  317  298
 1543  387  338  363
 1544  255  295  269
 1545  394  348  375
 1546  270  323  300
 1547  405  334  409
 1548  256  278  283
 1549  391  405  407
 1550  302  284  276
 1551  413  383  381
 1552  355  317  333
 1553  310  276  276
 1554  405  409  377
 1555  331  330  314
 1556  333  347  369
 1557  280  292  298
 1558  427  385  371
 1559  336  329  297
 1560  303  295  302
 1561  310  315  337
 1562  398  361  352
 1563  337  347  328
 1564  319  303  316
 1565  309  308  312
 1566  383  338  390
 1567  405  397  405
 1568  279  292  279
 1569  362  390  323
 1570  353  321  328
 1571  309  299  281
 1572  366  357  407
 1573  372  358  339
 1574  324  302  326
 1575  357  351  373
 1576  258  293  257
 1577  417  416  388
 1578  285  260  274
 1579  398  326  370
 1580  330  317  326
 1581  391  405  380
 1582  302  274  264
 1583  442  408  394
 1584  315  326  316
 1585  314  282  274
 1586  353  355  428
 1587  251  275  240
 1588  411  374  406
 1589  326  316  308
 1590  388  355  382
 1591  306  304  314
 1592  342  311  304
 1593  349  332  331
 1594  337  331  357
 1595  293  281  324
 1596  379  368  361
 1597  372  348  352
 1598  350  346  333
 1599  414  429  375
 1600  297  291  299
 1601  378  375  321
 1602  346  312  312
 1603  341  382  363
 1604  312  295  330
 1605  355  338  339
 1606  341  331  308
 1607  306  318  318
 1608  305  338  284
 1609  406  402  399
 1610  281  278  293
 1611  411  406  425
 1612  250  225  247
 1613  421  428  414
 1614  289  267  263
 1615  440  388  417
 1616  324  328  308
 1617  280  322  278
 1618  423  406  370
 1619  339  349  314
 1620  318  313  362
 1621  288  264  283
 1622  438  367  397
 1623  271  287  268
 1624  366  358  301
 1625  285  324  317
 1626  347  367  378
 1627  397  374  398
 1628  293  290  279
 1629  319  297  331
 1630  393  359  330
 1631  430  441  400
 1632  249  263  278
 1633  370  385  345
 1634  351  260  316
 1635  295  319  302
 1636  358  314  330
 1637  358  388  370
 1638  314  319  290
 1639  284  313  301
 1640  329  324  298
 1641  431  388  365
 1642  233  292  283
 1643  367  390  387
 1644  288  261  278
 1645  472  433  383
 1646  251  263  275
 1647  423  410  396
 1648  350  356  370
 1649  311  299  295
 1650  389  354  350
 1651  301  331  312
 1652  394  331  375
 1653  301  304  310
 1654  367  369  345
 1655  263  298  265
 1656  363  342  331
 1657  334  330  303
 1658  324  330  313
 1659  308  339  317
 1660  338  321  315
 1661  331  329  351
 1662  361  348  327
 1663  345  380  392
 1664  305  295  276
 1665  326  331  320
 1666  332  352  302
 1667  351  347  367
 1668  351  292  319
 1669  339  330  361
 1670  352  318  335
 1671  392  387  377
 1672  248  293  243
 1673  405  348  380
 1674  286  283  278
 1675  382  355  372
 1676  261  280  271
 1677  388  407  358
 1678  277  319  274
 1679  360  345  377
 1680  394  377  354
 1681  245  260  271
 1682  452  388  416
 1683  336  312  295
 1684  320  356  311
 1685  239  253  275
 1686  422  416  402
 1687  386  353  341
 1688  278  280  269
 1689  271  297  291
 1690  369  363  360
 1691  368  332  357
 1692  323  269  291
 1693  282  298  294
 1694  358  404  330
 1695  417  385  429
 1696  274  287  258
 1697  369  358  352
 1698  347  310  328
 1699  259  312  283
 1700  391  378  386
 1701  334  331  333
 1702  300  305  334
 1703  366  400  350
 1704  210  251  253
 1705  329  388  407
 1706  256  268  256
 1707  335  329  351
 1708  245  281  328
 1709  360  358  373
 1710  213  219  256
 1711  351  354  361
 1712  306  360  341
 1713  288  288  281
 1714  341  370  346
 1715  247  215  268
 1716  354  326  343
 1717  291  283  262
 1718  337  319  305
 1719  341  297  308
 1720  299  266  276
 1721  356  320  324
 1722  318  327  290
 1723  308  283  258
 1724  361  318  335
 1725  345  310  265
 1726  309  281  267
 1727  412  351  358
 1728  286  268  262
 1729  338  315  304
 1730  344  290  278
 1731  358  355  332
 1732  290  267  299
 1733  329  342  288
 1734  320  342  303
 1735  351  314  277
 1736  278  266  276
 1737  396  367  418
 1738  283  306  251
 1739  427  417  402
 1740  254  214  254
 1741  413  382  394
 1742  261  280  315
 1743  358  385  335
 1744  374  356  351
 1745  255  238  299
 1746  402  374  381
 1747  337  358  301
 1748  305  321  320
 1749  247  272  238
 1750  435  422  359
 1751  318  320  337
 1752  329  314  284
 1753  273  294  319
 1754  376  360  374
 1755  375  398  353
 1756  292  280  267
 1757  302  303  296
 1758  373  364  377
 1759  465  416  409
 1760  279  257  261
 1761  337  347  370
 1762  274  321  316
 1763  340  319  294
 1764  297  324  321
 1765  380  338  342
 1766  311  307  276
 1767  322  336  334
 1768  294  254  260
 1769  424  419  387
 1770  263  251  249
 1771  403  378  394
 1772  297  281  313
 1773  416  430  412
 1774  236  256  258
 1775  370  372  337
 1776  358  364  350
 1777  299  300  288
 1778  382  332  365
 1779  300  301  297
 1780  376  359  357
 1781  285  303  293
 1782  360  369  368
 1783  280  271  308
 1784  312  326  318
 1785  325  332  284
 1786  355  331  309
 1787  348  340  327
 1788  310  319  290
 1789  353  319  325
 1790  370  347  348
 1791  520  546  477
 1792  242  240  259
 1793  356  298  346
 1794  343  375  343
 1795  324  336  360
 1796  356  309  321
 1797  364  309  350
 1798  333  308  334
 1799  331  328  347
 1800  254  257  266
 1801  384  391  360
 1802  249  296  299
 1803  432  380  391
 1804  280  295  242
 1805  430  372  366
 1806  263  275  275
 1807  473  425  416
 1808  308  313  331
 1809  231  253  283
 1810  409  420  386
 1811  324  315  320
 1812  371  349  344
 1813  269  250  254
 1814  403  381  421
 1815  337  314  324
 1816  305  293  307
 1817  288  282  301
 1818  419  366  353
 1819  360  332  353
 1820  290  322  324
 1821  273  322  300
 1822  385  383  377
 1823  363  341  357
 1824  323  274  293
 1825  365  355  311
 1826  331  305  297
 1827  288  271  293
 1828  390  386  391
 1829  333  326  344
 1830  320  338  325
 1831  344  337  347
 1832  243  256  277
 1833  425  400  399
 1834  252  244  234
 1835  347  311  321
 1836  338  327  296
 1837  476  379  418
 1838  244  255  278
 1839  417  467  428
 1840  285  290  309
 1841  297  311  288
 1842  432  377  379
 1843  233  274  256
 1844  452  417  387
 1845  326  295  279
 1846  362  384  392
 1847  322  338  354
 1848  297  304  321
 1849  359  327  313
 1850  311  345  350
 1851  283  317  285
 1852  334  344  377
 1853  347  295  335
 1854  352  323  303
 1855  401  395  358
 1856  298  281  282
 1857  346  370  314
 1858  333  331  307
 1859  363  349  376
 1860  336  301  328
 1861  336  345  321
 1862  304  306  329
 1863  310  317  315
 1864  355  324  295
 1865  407  402  398
 1866  243  293  272
 1867  440  413  432
 1868  207  234  245
 1869  375  419  408
 1870  260  257  237
 1871  434  478  469
 1872  280  270  250
 1873  287  249  267
 1874  451  371  379
 1875  342  353  328
 1876  327  312  281
 1877  305  276  260
 1878  422  397  406
 1879  253  307  285
 1880  378  350  354
 1881  299  304  304
 1882  374  331  393
 1883  386  361  378
 1884  243  270  296
 1885  307  306  294
 1886  325  354  349
 1887  382  382  409
 1888  298  295  307
 1889  365  369  340
 1890  324  294  263
 1891  359  357  305
 1892  372  307  333
 1893  375  353  352
 1894  296  315  326
 1895  268  327  299
 1896  316  318  293
 1897  448  414  404
 1898  234  283  263
 1899  409  383  376
 1900  259  251  299
 1901  394  438  406
 1902  227  228  255
 1903  441  422  456
 1904  332  278  288
 1905  262  282  294
 1906  400  361  361
 1907  318  310  253
 1908  373  392  359
 1909  276  298  285
 1910  402  358  344
 1911  263  273  276
 1912  371  337  380
 1913  335  346  342
 1914  339  334  353
 1915  345  329  347
 1916  330  335  303
 1917  322  345  308
 1918  357  346  341
 1919  338  370  366
 1920  348  286  316
 1921  347  311  349
 1922  325  321  343
 1923  309  301  328
 1924  336  317  348
 1925  364  335  322
 1926  353  328  314
 1927  366  381  350
 1928  222  239  254
 1929  401  377  370
 1930  255  318  270
 1931  440  412  385
 1932  253  278  252
 1933  421  361  413
 1934  282  301  279
 1935  414  411  402
 1936  355  336  325
 1937  240  251  246
 1938  466  384  429
 1939  300  297  304
 1940  356  327  395
 1941  230  261  260
 1942  440  412  413
 1943  319  352  334
 1944  263  294  253
 1945  299  314  294
 1946  372  356  368
 1947  361  369  348
 1948  311  297  291
 1949  298  286  281
 1950  398  360  374
 1951  354  382  381
 1952  322  297  322
 1953  339  349  340
 1954  330  305  318
 1955  264  272  276
 1956  363  346  343
 1957  338  343  370
 1958  278  320  302
 1959  350  362  374
 1960  199  244  240
 1961  426  398  431
 1962  215  253  225
 1963  307  361  332
 1964  299  266  305
 1965  392  376  414
 1966  193  243  242
 1967  396  387  403
 1968  343  340  374
 1969  272  269  272
 1970  381  321  332
 1971  220  209  251
 1972  337  360  372
 1973  277  254  271
 1974  336  332  329
 1975  344  337  317
 1976  262  256  239
 1977  310  300  287
 1978  325  283  287
 1979  297  274  246
 1980  384  349  306
 1981  373  336  321
 1982  343  343  288
 1983  426  363  346
 1984  299  276  251
 1985  366  295  320
 1986  312  330  314
 1987  369  405  357
 1988  270  306  303
 1989  355  354  335
 1990  329  344  360
 1991  328  333  313
 1992  268  274  256
 1993  404  394  417
 1994  252  269  266
 1995  468  430  400
 1996  212  223  208
 1997  391  392  400
 1998  259  259  240
 1999  424  385  422
 2000  362  327  353
 2001  248  272  263
 2002  431  378  406
 2003  339  354  323
 2004  341  317  298
 2005  260  280  267
 2006  418  394  420
 2007  265  303  299
 2008  328  298  310
 2009  330  313  293
 2010  356  371  340
 2011  398  387  411
 2012  260  275  268
 2013  299  277  307
 2014  367  378  348
 2015  405  391  407
 2016  311  314  281
 2017  373  408  336
 2018  301  298  331
 2019  303  321  326
 2020  360  332  346
 2021  376  375  350
 2022  271  317  319
 2023  293  347  331
 2024  271  290  251
 2025  430  418  433
 2026  242  216  254
 2027  394  366  377
 2028  277  257  285
 2029  417  414  412
 2030  226  233  221
 2031  445  391  354
 2032  362  353  339
 2033  284  282  285
 2034  398  416  374
 2035  287  320  293
 2036  358  368  372
 2037  310  288  281
 2038  400  366  359
 2039  307  321  299
 2040  290  331  304
 2041  321  300  375
 2042  305  317  348
 2043  359  321  306
 2044  312  316  329
 2045  340  356  331
 2046  343  334  330
 2047  288  513  394
 2048  260  243  215
 2049  345  328  342
 2050  322  335  323
 2051  331  313  311
 2052  345  338  328
 2053  306  329  347
 2054  337  340  289
 2055  351  347  313
 2056  252  258  269
 2057  400  370  372
 2058  291  289  291
 2059  409  428  405
 2060  231  258  241
 2061  413  383  403
 2062  267  249  248
 2063  433  390  405
 2064  331  381  316
 2065  233  262  251
 2066  419  406  421
 2067  300  289  330
 2068  361  366  321
 2069  212  257  231
 2070  436  420  394
 2071  288  306  310
 2072  275  329  317
 2073  277  282  315
 2074  373  372  357
 2075  374  336  315
 2076  296  302  303
 2077  259  247  278
 2078  381  348  355
 2079  342  367  343
 2080  284  308  312
 2081  351  373  348
 2082  310  286  283
 2083  268  281  252
 2084  391  381  401
 2085  401  370  319
 2086  335  301  333
 2087  307  351  318
 2088  238  282  245
 2089  450  405  365
 2090  229  238  227
 2091  330  343  323
 2092  282  320  319
 2093  424  437  425
 2094  207  253  239
 2095  358  385  422
 2096  376  317  348
 2097  247  284  304
 2098  393  380  357
 2099  225  269  222
 2100  456  397  430
 2101  290  282  248
 2102  405  362  331
 2103  285  315  266
 2104  279  306  301
 2105  312  328  298
 2106  335  317  312
 2107  289  311  294
 2108  341  330  356
 2109  341  344  330
 2110  294  342  335
 2111  424  337  383
 2112  297  312  259
 2113  334  354  342
 2114  308  307  311
 2115  365  341  358
 2116  305  281  274
 2117  320  387  346
 2118  339  285  301
 2119  291  277  280
 2120  277  335  274
 2121  411  361  403
 2122  268  283  269
 2123  388  400  425
 2124  208  230  195
 2125  415  358  409
 2126  221  258  238
 2127  415  383  433
 2128  333  321  332
 2129  224  255  245
 2130  429  400  381
 2131  350  331  341
 2132  314  319  316
 2133  244  244  233
 2134  424  351  378
 2135  229  254  226
 2136  373  352  360
 2137  290  300  276
 2138  394  372  320
 2139  375  360  397
 2140  253  308  262
 2141  297  308  302
 2142  352  350  358
 2143  352  365  366
 2144  285  294  319
 2145  325  361  355
 2146  267  273  279
 2147  341  281  352
 2148  334  294  331
 2149  396  339  375
 2150  281  265  283
 2151  276  315  261
 2152  347  293  296
 2153  449  412  410
 2154  240  254  238
 2155  400  378  333
 2156  261  285  246
 2157  412  386  409
 2158  212  237  249
 2159  410  391  424
 2160  351  332  320
 2161  288  277  292
 2162  380  358  397
 2163  258  273  294
 2164  383  348  388
 2165  272  266  276
 2166  387  390  381
 2167  232  237  235
 2168  334  395  385
 2169  367  304  298
 2170  342  306  292
 2171  299  348  340
 2172  306  296  343
 2173  326  345  307
 2174  313  333  375
 2175  419  389  381
 2176  262  254  231
 2177  328  300  317
 2178  342  309  342
 2179  318  331  319
 2180  333  306  338
 2181  307  319  315
 2182  316  328  308
 2183  373  327  348
 2184  232  227  203
 2185  429  386  378
 2186  256  278  283
 2187  414  414  410
 2188  222  244  283
 2189  428  398  382
 2190  275  278  264
 2191  337  326  337
 2192  438  395  370
 2193  215  260  249
 2194  434  422  401
 2195  301  285  314
 2196  339  347  362
 2197  239  227  254
 2198  413  408  396
 2199  342  305  358
 2200  249  244  266
 2201  268  251  291
 2202  394  378  375
 2203  369  365  372
 2204  267  312  287
 2205  294  281  288
 2206  410  376  364
 2207  408  397  351
 2208  292  301  315
 2209  374  348  327
 2210  321  294  306
 2211  236  299  259
 2212  377  344  383
 2213  355  340  341
 2214  297  296  273
 2215  347  373  399
 2216  218  224  233
 2217  403  400  428
 2218  226  253  241
 2219  339  358  348
 2220  320  285  299
 2221  402  401  443
 2222  212  240  237
 2223  306  316  342
 2224  386  345  401
 2225  238  302  260
 2226  373  329  358
 2227  205  235  225
 2228  374  330  407
 2229  256  223  250
 2230  311  316  327
 2231  314  282  297
 2232  240  255  271
 2233  317  306  278
 2234  307  281  287
 2235  278  280  236
 2236  336  338  333
 2237  337  274  317
 2238  321  311  295
 2239  442  332  357
 2240  267  255  257
 2241  354  311  300
 2242  339  316  278
 2243  345  383  356
 2244  281  296  272
 2245  326  292  303
 2246  335  332  310
 2247  294  363  336
 2248  244  252  268
 2249  414  392  425
 2250  250  284  257
 2251  456  397  424
 2252  211  230  234
 2253  381  418  417
 2254  243  245  261
 2255  372  317  363
 2256  425  395  368
 2257  250  231  250
 2258  430  408  374
 2259  321  342  351
 2260  312  299  297
 2261  250  230  248
 2262  444  419  406
 2263  293  331  312
 2264  323  296  305
 2265  270  310  286
 2266  372  391  328
 2267  387  403  420
 2268  260  253  292
 2269  273  289  312
 2270  365  347  355
 2271  379  363  369
 2272  323  280  299
 2273  350  350  367
 2274  312  283  313
 2275  318  353  288
 2276  359  358  367
 2277  355  341  343
 2278  293  290  287
 2279  321  311  309
 2280  274  266  284
 2281  436  422  397
 2282  226  249  232
 2283  415  402  371
 2284  254  294  275
 2285  438  451  435
 2286  214  212  221
 2287  368  307  368
 2288  404  438  432
 2289  289  276  259
 2290  410  397  387
 2291  262  301  269
 2292  364  370  386
 2293  283  305  267
 2294  381  379  400
 2295  276  308  306
 2296  323  328  295
 2297  325  343  352
 2298  337  324  327
 2299  331  322  341
 2300  296  307  322
 2301  320  317  316
 2302  342  323  338
 2303  398  430  371
 2304  302  326  361
 2305  347  316  306
 2306  345  337  315
 2307  315  317  350
 2308  335  290  316
 2309  336  322  315
 2310  323  350  341
 2311  351  339  325
 2312  268  250  220
 2313  425  436  370
 2314  233  279  281
 2315  363  382  395
 2316  226  257  244
 2317  418  360  384
 2318  245  287  261
 2319  453  429  454
 2320  299  310  308
 2321  245  262  225
 2322  406  417  424
 2323  307  274  296
 2324  359  353  385
 2325  205  228  250
 2326  443  404  414
 2327  306  306  287
 2328  291  308  255
 2329  303  275  278
 2330  387  401  349
 2331  371  357  376
 2332  287  327  299
 2333  273  274  263
 2334  376  359  374
 2335  335  299  315
 2336  381  338  376
 2337  329  404  337
 2338  281  283  281
 2339  223  263  260
 2340  421  401  401
 2341  374  369  356
 2342  285  299  304
 2343  325  345  365
 2344  232  272  252
 2345  480  413  389
 2346  236  229  226
 2347  340  322  352
 2348  323  313  334
 2349  410  427  429
 2350  226  216  202
 2351  486  481  428
 2352  297  296  304
 2353  272  271  288
 2354  420  370  379
 2355  213  226  236
 2356  460  409  375
 2357  297  283  284
 2358  399  395  421
 2359  327  316  336
 2360  270  290  279
 2361  344  329  318
 2362  347  334  335
 2363  280  286  258
 2364  383  386  415
 2365  339  338  314
 2366  334  337  331
 2367  403  370  413
 2368  249  281  263
 2369  365  349  330
 2370  309  300  354
 2371  377  349  394
 2372  282  244  278
 2373  361  352  334
 2374  318  308  303
 2375  297  310  294
 2376  313  285  322
 2377  408  415  433
 2378  227  271  237
 2379  426  444  426
 2380  148  183  220
 2381  239  373  380
 2382  192  265  241
 2383  442  458  463
 2384  307  271  309
 2385  201  276  227
 2386  411  432  429
 2387  343  314  336
 2388  305  299  332
 2389  229  258  228
 2390  413  407  428
 2391  244  271  244
 2392  349  342  318
 2393  276  287  239
 2394  346  347  287
 2395  191  375  296
 2396   49  268  226
 2397   19  291  274
 2398   17  353  350
 2399    7  312  318
 2400    0  321  372
 2401    0  402  355
 2402    0  318  284
 2403    0  303  295
 2404    0  334  334
 2405    0  408  375
 2406    0  271  276
 2407    0  271  272
 2408    0  313  303
 2409    0  417  403
 2410    1  222  213
 2411    0  401  385
 2412    0  282  279
 2413    0  458  404
 2414    0  229  216
 2415    1  448  492
 2416    1  303  308
 2417    0  271  280
 2418    1  366  374
 2419    0  303  256
 2420    0  390  385
 2421    0  306  283
 2422    0  362  374
 2423    0  257  242
 2424    0  359  354
 2425    0  318  317
 2426    0  314  322
 2427    0  331  346
 2428    0  312  261
 2429    0  345  188
 2430    0  325  125
 2431    0  461   50
 2432    1  201    9
 2433    0  319   13
 2434    0  308    4
 2435    0  249    1
 2436    0  202    3
 2437    0  168    0
 2438    0   87    0
 2439    0   45    1
 2440    0    9    1
 2441    0    7    0
 2442    1    7    0
 2443    0    3    0
 2444    0    2    0
 2445    0    5    1
 2446    0    0    0
 2447    0    1    1
 2448    1    0    0
 2449    0    1    1
 2450    0    0    0
 2451    0    0    0
 2452    1    0    0
 2453    0    1    0
 2454    0    0    0
 2455    0    1    0
 2456    1    1    0
 2457    0    0    0
 2458    0    0    0
 2459    0    0    0
 2460    0    1    0
 2461    0    0    0
 2462    0    0    0
 2463    0    0    0
 2464    0    0    0
 2465    0    0    0
 2466    0    0    0
 2467    0    0    0
 2468    0    0    0
 2469    0    2    0
 2470    0    0    0
 2471    0    0    0
 2472    0    1    0
 2473    0    0    0
 2474    0    0    0
 2475    0    0    4
 2476    0    0    1
 2477    0    1    0
 2478    0    0    0
 2479    0    0    0
 2480    0    0    0
 2481    0    0    0
 2482    0    0    0
 2483    0    0    0
 2484    0    0    0
 2485    0    0    0
 2486    0    0    0
 2487    0    1    0
 2488    3    0    0
 2489    0    0    0
 2490    0    0    0
 2491    0    0    0
 2492    0    0    0
 2493    0    0    0
 2494    0    0    0
 2495    0    0    0
 2496    0    0    0
 2497    0    0    0
 2498    0    0    0
 2499    0    0    0
 2500    0    0    0
 2501    0    0    0
 2502    0    0    0
 2503    0    0    1
 2504    0    0    0
 2505    0    0    0
 2506    0    0    0
 2507    0    0    0
 2508    0    0    1
 2509    0    0    0
 2510    0    0    0
 2511    0    0    0
 2512    0    0    0
 2513    0    0    0
 2514    0    0    0
 2515    0    0    0
 2516    0    0    0
 2517    0    0    0
 2518    0    0    0
 2519    0    0    0
 2520    0    0    0
 2521    0    0    0
 2522    1    0    0
 2523    0    0    0
 2524    0    0    0
 2525    1    0    0
 2526    0    0    0
 2527    0    0    0
 2528    0    0    0
 2529    0    0    0
 2530    0    0    0
 2531    0    1    0
 2532    0    0    0
 2533    0    0    0
 2534    0    0    0
 2535    0    0    0
 2536    0    0    0
 2537    0    0    0
 2538    0    0    0
 2539    1    0    0
 2540    0    0    0
 2541    0    0    0
 2542    0    1    0
 2543    0    4    0
 2544    0    0    1
 2545    0    0    0
 2546    0    0    0
 2547    0    0    0
 2548    0    1    1
 2549    0    1    0
 2550    0    0    0
 2551    0    0    0
 2552    0    0    0
 2553    0    0    0
 2554    0    0    0
 2555    1    0    0
 2556    1    0    0
 2557    0    1    0
 2558    0    1    0
 2559    0    0    0
 2560    0    0    0
 2561    0    0    0
 2562    1    0    0
 2563    0    0    1
 2564    0    0    0
 2565    0    0    0
 2566    0    3    0
 2567    0    0    1
 2568    0    0    0
 2569    1    0    0
 2570    0    0    0
 2571    0    0    0
 2572    0    0    0
 2573    0    0    0
 2574    0    0    0
 2575    0    0    0
 2576    0    0    0
 2577    0    0    0
 2578    0    0    0
 2579    0    0    1
 2580    0    0    0
 2581    0    0    0
 2582    0    0    0
 2583    0    0    0
 2584    0    0    0
 2585    0    0    0
 2586    0    1    0
 2587    0    0    0
 2588    0    0    0
 2589    0    0    0
 2590    0    1    0
 2591    0    0    0
 2592    0    0    0
 2593    0    0    1
 2594    0    0    0
 2595    0    0    1
 2596    0    0    3
 2597    0    0    0
 2598    0    1    0
 2599    0    0    1
 2600    0    0    1
 2601    1    0    0
 2602    0    0    0
 2603    0    0    0
 2604    0    1    0
 2605    0    0    1
 2606    0    1    0
 2607    0    0    0
 2608    0    0    0
 2609    3    0    0
 2610    0    0    0
 2611    0    0    0
 2612    0    0    0
 2613    0    0    0
 2614    0    0    0
 2615    0    0    0
 2616    0    0    0
 2617    0    0    0
 2618    0    0    0
 2619    0    0    0
 2620    0    0    0
 2621    0    1    0
 2622    0    0    0
 2623    0    0    0
 2624    0    0    0
 2625    0    0    0
 2626    0    0    1
 2627    0    0    0
 2628    0    0    0
 2629    0    0    0
 2630    0    0    1
 2631    1    0    0
 2632    0    0    0
 2633    0    0    1
 2634    0    0    0
 2635    0    0    0
 2636    0    0    0
 2637    0    0    0
 2638    0    0    0
 2639    0    0    0
 2640    0    0    0
 2641    0    0    0
 2642    0    0    0
 2643    0    0    0
 2644    0    0    0
 2645    0    0    0
 2646    0    0    0
 2647    0    0    0
 2648    0    0    0
 2649    0    0    0
 2650    0    0    0
 2651    0    0    0
 2652    0    0    0
 2653    0    0    0
 2654    0    0    0
 2655    0    0    0
 2656    0    0    0
 2657    0    0    0
 2658    0    0    0
 2659    0    0    0
 2660    0    0    0
 2661    0    0    0
 2662    0    0    0
 2663    0    0    0
 2664    0    0    0
 2665    0    3    0
 2666    0    0    0
 2667    0    0    0
 2668    0    0    0
 2669    0    0    0
 2670    0    0    0
 2671    0    0    0
 2672    0    0    0
 2673    0    0    0
 2674    0    0    0
 2675    0    0    0
 2676    0    0    0
 2677    0    0    0
 2678    0    0    0
 2679    0    0    0
 2680    0    0    0
 2681    0    0    0
 2682    0    0    0
 2683    0    0    0
 2684    0    0    0
 2685    0    0    0
 2686    0    0    0
 2687    0    2    0
 2688    0    0    0
 2689    0    0    0
 2690    0    0    0
 2691    0    0    0
 2692    0    0    0
 2693    0    0    1
 2694    0    0    0
 2695    0    0    0
 2696    0    0    0
 2697    0    0    0
 2698    0    0    0
 2699    0    0    0
 2700    0    0    0
 2701    0    0    0
 2702    0    1    0
 2703    0    0    1
 2704    0    0    0
 2705    0    0    0
 2706    0    0    0
 2707    0    0    0
 2708    0    0    0
 2709    0    0    0
 2710    0    0    1
 2711    0    0    0
 2712    0    0    0
 2713    0    0    0
 2714    0    0    0
 2715    0    0    0
 2716    0    0    0
 2717    0    0    3
 2718    0    0    0
 2719    0    0    0
 2720    0    0    0
 2721    0    0    0
 2722    0    0    0
 2723    0    0    0
 2724    0    0    0
 2725    0    0    0
 2726    0    0    0
 2727    0    0    0
 2728    0    0    0
 2729    0    0    0
 2730    0    0    0
 2731    3    0    0
 2732    0    0    0
 2733    0    0    0
 2734    0    0    0
 2735    0    0    0
 2736    0    0    0
 2737    0    0    0
 2738    0    0    0
 2739    0    0    0
 2740    0    0    0
 2741    0    0    0
 2742    0    0    0
 2743    0    0    0
 2744    0    0    0
 2745    0    0    0
 2746    0    0    0
 2747    0    0    0
 2748    0    0    0
 2749    0    0    0
 2750    0    0    0
 2751    0    0    0
 2752    0    0    0
 2753    0    0    0
 2754    0    0    0
 2755    0    0    0
 2756    0    0    0
 2757    0    0    0
 2758    0    0    0
 2759    0    0    0
 2760    0    0    0
 2761    0    0    0
 2762    0    0    0
 2763    0    0    0
 2764    0    0    0
 2765    0    0    0
 2766    0    0    0
 2767    0    0    0
 2768    0    0    0
 2769    0    0    0
 2770    0    0    0
 2771    0    0    0
 2772    0    0    0
 2773    0    0    0
 2774    0    0    0
 2775    0    0    0
 2776    0    0    0
 2777    0    0    0
 2778    0    0    0
 2779    0    0    0
 2780    0    0    0
 2781    0    0    0
 2782    0    0    0
 2783    0    0    0
 2784    0    0    0
 2785    0    0    0
 2786    0    3    0
 2787    0    0    0
 2788    0    0    0
 2789    0    0    0
 2790    0    0    0
 2791    0    0    0
 2792    0    0    0
 2793    0    0    0
 2794    0    0    0
 2795    0    0    0
 2796    0    0    0
 2797    0    0    0
 2798    0    0    0
 2799    0    0    0
 2800    0    0    0
 2801    0    0    0
 2802    0    0    0
 2803    0    0    0
 2804    0    0    0
 2805    0    0    0
 2806    0    0    0
 2807    0    0    0
 2808    0    0    0
 2809    0    0    0
 2810    0    0    0
 2811    0    0    0
 2812    0    0    0
 2813    0    0    0
 2814    0    0    0
 2815    0    0    0
 2816    0    0    0
 2817    0    0    0
 2818    1    0    0
 2819    0    0    0
 2820    0    0    1
 2821    0    0    0
 2822    0    0    0
 2823    1    0    1
 2824    0    0    0
 2825    1    0    0
 2826    0    0    0
 2827    0    0    0
 2828    0    0    0
 2829    0    0    0
 2830    0    0    0
 2831    0    0    0
 2832    0    0    0
 2833    0    0    0
 2834    0    0    0
 2835    1    0    0
 2836    0    0    0
 2837    0    0    0
 2838    0    0    0
 2839    0    0    3
 2840    1    0    0
 2841    0    1    0
 2842    0    0    0
 2843    0    1    0
 2844    0    0    0
 2845    0    0    0
 2846    0    0    0
 2847    0    0    0
 2848    0    0    0
 2849    0    0    0
 2850    0    1    1
 2851    1    0    0
 2852    3    0    0
 2853    0    0    1
 2854    1    0    1
 2855    0    0    1
 2856    1    0    0
 2857    1    0    0
 2858    0    1    0
 2859    0    0    0
 2860    0    0    0
 2861    0    0    0
 2862    0    0    0
 2863    0    0    0
 2864    0    0    0
 2865    0    0    0
 2866    0    0    0
 2867    0    0    0
 2868    0    0    0
 2869    0    0    0
 2870    0    0    0
 2871    0    0    0
 2872    0    0    0
 2873    0    0    0
 2874    0    1    0
 2875    0    0    0
 2876    0    0    0
 2877    0    0    0
 2878    0    0    0
 2879    0    0    1
 2880    0    0    0
 2881    0    1    0
 2882    0    0    0
 2883    0    0    1
 2884    0    0    0
 2885    0    0    1
 2886    1    0    0
 2887    1    0    0
 2888    0    1    0
 2889    1    0    0
 2890    0    0    0
 2891    0    0    0
 2892    0    0    0
 2893    0    0    0
 2894    0    0    0
 2895    0    0    0
 2896    0    0    0
 2897    0    0    0
 2898    0    0    0
 2899    0    0    0
 2900    0    0    0
 2901    0    0    0
 2902    0    0    0
 2903    0    0    0
 2904    0    0    0
 2905    0    0    0
 2906    0    0    0
 2907    0    3    0
 2908    0    0    0
 2909    0    0    0
 2910    0    0    0
 2911    0    0    0
 2912    0    0    0
 2913    0    0    0
 2914    0    0    0
 2915    0    0    0
 2916    0    0    0
 2917    0    0    0
 2918    0    0    0
 2919    0    0    0
 2920    0    0    0
 2921    0    0    0
 2922    0    0    0
 2923    0    0    0
 2924    0    0    0
 2925    0    0    0
 2926    0    0    0
 2927    0    0    0
 2928    0    0    0
 2929    0    0    0
 2930    0    0    0
 2931    0    0    0
 2932    0    0    0
 2933    0    0    0
 2934    0    0    0
 2935    0    0    0
 2936    0    0    0
 2937    0    0    0
 2938    0    0    0
 2939    0    0    0
 2940    0    0    0
 2941    0    0    0
 2942    0    0    1
 2943    0    0    0
 2944    0    0    0
 2945    0    0    0
 2946    0    0    0
 2947    0    0    0
 2948    0    0    0
 2949    0    0    0
 2950    0    1    1
 2951    0    0    0
 2952    0    0    0
 2953    0    0    0
 2954    0    0    0
 2955    0    0    0
 2956    0    0    0
 2957    0    0    0
 2958    0    0    0
 2959    1    0    0
 2960    0    0    1
 2961    0    0    0
 2962    0    0    0
 2963    0    0    0
 2964    0    0    1
 2965    0    0    0
 2966    0    1    0
 2967    0    0    0
 2968    0    0    0
 2969    0    0    0
 2970    0    1    0
 2971    0    0    0
 2972    1    0    0
 2973    3    0    0
 2974    0    0    0
 2975    0    0    0
 2976    0    0    0
 2977    0    0    0
 2978    0    0    0
 2979    0    0    0
 2980    0    0    0
 2981    0    0    0
 2982    0    0    0
 2983    0    0    0
 2984    0    0    0
 2985    0    0    0
 2986    0    0    0
 2987    0    0    0
 2988    0    0    0
 2989    0    0    0
 2990    0    0    0
 2991    0    0    0
 2992    0    0    0
 2993    0    0    0
 2994    0    0    0
 2995    0    0    0
 2996    0    0    0
 2997    0    0    0
 2998    0    0    0
 2999    0    0    0
 3000    0    0    0
 3001    0    0    0
 3002    0    0    0
 3003    0    0    0
 3004    0    0    0
 3005    0    0    0
 3006    0    0    0
 3007    0    0    0
 3008    0    0    0
 3009    0    0    0
 3010    0    0    0
 3011    0    0    0
 3012    0    0    0
 3013    0    0    0
 3014    0    0    0
 3015    0    0    0
 3016    0    0    0
 3017    0    0    0
 3018    0    0    0
 3019    0    0    0
 3020    0    0    0
 3021    0    0    0
 3022    0    0    0
 3023    0    0    0
 3024    0    0    0
 3025    0    0    0
 3026    0    0    0
 3027    0    0    0
 3028    0    3    0
 3029    0    0    0
 3030    0    0    0
 3031    0    0    0
 3032    0    0    0
 3033    0    0    0
 3034    0    0    0
 3035    0    0    0
 3036    0    0    0
 3037    0    0    0
 3038    0    0    0
 3039    0    0    0
 3040    0    0    0
 3041    0    0    0
 3042    0    0    0
 3043    0    0    0
 3044    0    0    0
 3045    0    0    0
 3046    0    0    0
 3047    0    0    0
 3048    0    0    0
 3049    0    0    0
 3050    0    0    0
 3051    0    0    0
 3052    0    0    0
 3053    0    0    0
 3054    0    0    0
 3055    0    0    0
 3056    0    0    0
 3057    0    0    0
 3058    0    0    0
 3059    0    0    0
 3060    0    0    0
 3061    0    0    0
 3062    0    0    0
 3063    0    0    0
 3064    0    0    0
 3065    0    0    0
 3066    0    0    0
 3067    0    0    0
 3068    0    0    0
 3069    0    0    0
 3070    0    0    0
 3071    0    0    0
 3072    0    0    0
 3073    0    0    0
 3074    0    0    1
 3075    0    0    0
 3076    0    0    1
 3077    0    0    0
 3078    0    0    1
 3079    0    1    0
 3080    0    0    0
 3081    0    0    1
 3082    0    0    0
 3083    0    0    0
 3084    0    0    0
 3085    0    0    0
 3086    0    0    0
 3087    0    0    0
 3088    0    0    0
 3089    0    0    0
 3090    0    0    0
 3091    0    0    0
 3092    0    0    0
 3093    0    0    0
 3094    3    0    0
 3095    0    0    1
 3096    0    0    0
 3097    0    0    0
 3098    0    0    0
 3099    0    0    0
 3100    0    0    0
 3101    0    0    0
 3102    0    0    0
 3103    0    0    1
 3104    0    0    0
 3105    0    0    0
 3106    0    0    1
 3107    0    0    0
 3108    0    0    1
 3109    0    0    0
 3110    0    0    1
 3111    0    1    0
 3112    0    0    0
 3113    0    1    1
 3114    0    0    0
 3115    0    0    0
 3116    0    0    0
 3117    0    0    0
 3118    0    0    0
 3119    0    0    1
 3120    0    0    0
 3121    0    0    0
 3122    0    0    0
 3123    0    0    0
 3124    0    0    0
 3125    0    0    0
 3126    0    0    0
 3127    0    0    0
 3128    1    0    0
 3129    0    0    0
 3130    0    0    1
 3131    0    0    0
 3132    0    0    0
 3133    0    0    0
 3134    0    0    0
 3135    0    0    0
 3136    0    0    0
 3137    1    1    0
 3138    0    0    0
 3139    1    0    1
 3140    0    0    1
 3141    0    1    0
 3142    0    0    0
 3143    0    0    1
 3144    0    0    2
 3145    0    0    0
 3146    0    0    0
 3147    0    0    0
 3148    0    0    0
 3149    0    3    0
 3150    0    0    0
 3151    0    0    0
 3152    0    0    0
 3153    0    0    0
 3154    0    0    0
 3155    0    0    0
 3156    0    0    0
 3157    0    0    0
 3158    0    0    0
 3159    0    0    0
 3160    0    0    0
 3161    0    0    0
 3162    0    0    0
 3163    0    0    0
 3164    0    0    0
 3165    0    0    0
 3166    0    0    0
 3167    0    0    0
 3168    0    0    0
 3169    0    0    0
 3170    0    0    0
 3171    0    0    0
 3172    0    0    0
 3173    0    0    0
 3174    0    0    0
 3175    0    0    0
 3176    0    0    0
 3177    0    0    0
 3178    0    0    0
 3179    0    0    0
 3180    0    0    0
 3181    0    0    0
 3182    0    0    0
 3183    0    0    0
 3184    0    0    0
 3185    0    0    0
 3186    0    0    0
 3187    0    0    0
 3188    0    0    0
 3189    0    0    0
 3190    0    0    0
 3191    0    0    0
 3192    0    0    0
 3193    0    0    0
 3194    0    0    0
 3195    0    0    0
 3196    0    0    0
 3197    0    0    0
 3198    0    0    0
 3199    0    0    0
 3200    0    0    0
 3201    0    0    0
 3202    0    0    0
 3203    0    0    0
 3204    0    0    0
 3205    1    0    0
 3206    1    0    0
 3207    0    0    0
 3208    0    0    0
 3209    0    0    0
 3210    0    0    0
 3211    0    0    0
 3212    0    0    0
 3213    0    0    1
 3214    0    0    0
 3215    3    0    0
 3216    0    0    0
 3217    0    0    0
 3218    0    0    0
 3219    0    0    0
 3220    0    0    0
 3221    0    0    0
 3222    0    0    0
 3223    0    0    0
 3224    0    0    0
 3225    0    0    0
 3226    0    0    0
 3227    0    0    0
 3228    0    0    1
 3229    0    0    0
 3230    0    0    0
 3231    0    0    0
 3232    0    0    0
 3233    0    0    0
 3234    0    0    0
 3235    0    0    0
 3236    0    0    0
 3237    0    0    0
 3238    0    0    0
 3239    0    0    0
 3240    0    0    0
 3241    0    0    0
 3242    0    0    0
 3243    0    0    0
 3244    0    0    0
 3245    0    0    0
 3246    0    0    0
 3247    0    0    0
 3248    0    0    0
 3249    0    0    0
 3250    0    0    0
 3251    0    0    0
 3252    0    0    0
 3253    0    0    0
 3254    0    0    0
 3255    0    0    0
 3256    0    0    0
 3257    0    0    0
 3258    0    0    0
 3259    0    0    0
 3260    0    0    0
 3261    0    0    0
 3262    0    0    0
 3263    0    0    0
 3264    0    0    0
 3265    0    0    0
 3266    0    0    0
 3267    0    0    0
 3268    0    0    0
 3269    0    0    0
 3270    0    0    0
 3271    0    3    0
 3272    0    0    0
 3273    0    0    0
 3274    0    0    0
 3275    0    0    0
 3276    0    0    0
 3277    0    0    0
 3278    0    0    0
 3279    0    0    0
 3280    0    0    0
 3281    0    0    0
 3282    0    0    0
 3283    0    0    0
 3284    0    0    0
 3285    0    0    0
 3286    0    0    0
 3287    0    0    0
 3288    0    0    0
 3289    0    0    0
 3290    0    0    0
 3291    0    0    0
 3292    0    0    0
 3293    0    0    0
 3294    0    0    0
 3295    0    0    0
 3296    0    0    0
 3297    0    0    0
 3298    0    0    0
 3299    0    0    0
 3300    0    0    0
 3301    0    0    0
 3302    0    0    0
 3303    0    0    0
 3304    0    0    0
 3305    0    0    0
 3306    0    0    0
 3307    0    0    0
 3308    0    0    0
 3309    0    0    0
 3310    0    0    0
 3311    0    0    0
 3312    0    0    0
 3313    0    0    0
 3314    0    0    0
 3315    0    0    0
 3316    0    0    0
 3317    0    0    0
 3318    0    0    0
 3319    0    2    0
 3320    0    0    0
 3321    1    0    0
 3322    0    0    0
 3323    0    0    0
 3324    0    0    0
 3325    0    0    0
 3326    0    0    0
 3327    0    0    0
 3328    1    0    1
 3329    0    0    0
 3330    0    0    0
 3331    0    1    0
 3332    0    1    1
 3333    0    0    0
 3334    0    1    1
 3335    0    0    0
 3336    0    1    0
 3337    3    0    0
 3338    0    0    0
 3339    0    0    0
 3340    0    0    0
 3341    0    0    0
 3342    0    0    0
 3343    0    0    0
 3344    0    0    0
 3345    0    0    0
 3346    0    0    0
 3347    0    0    0
 3348    0    0    0
 3349    0    0    0
 3350    0    1    0
 3351    0    0    0
 3352    0    1    0
 3353    0    0    0
 3354    0    0    0
 3355    0    0    0
 3356    0    0    0
 3357    0    1    0
 3358    0    0    0
 3359    0    0    0
 3360    1    0    0
 3361    0    0    0
 3362    0    0    0
 3363    0    1    0
 3364    0    1    1
 3365    0    0    0
 3366    0    0    1
 3367    0    0    0
 3368    0    1    0
 3369    0    0    0
 3370    0    0    0
 3371    0    0    0
 3372    0    0    0
 3373    0    0    0
 3374    0    0    0
 3375    0    0    0
 3376    0    0    0
 3377    0    0    0
 3378    0    0    0
 3379    0    0    0
 3380    0    0    0
 3381    0    0    0
 3382    0    0    0
 3383    0    0    0
 3384    0    0    0
 3385    0    0    0
 3386    0    0    0
 3387    0    0    0
 3388    0    0    0
 3389    0    0    0
 3390    0    0    0
 3391    0    0    0
 3392    0    3    0
 3393    0    1    0
 3394    0    1    1
 3395    0    0    0
 3396    0    0    1
 3397    0    0    0
 3398    0    1    0
 3399    0    0    0
 3400    0    0    0
 3401    0    0    0
 3402    0    0    0
 3403    0    0    0
 3404    0    0    0
 3405    0    0    0
 3406    0    0    0
 3407    0    0    0
 3408    0    0    0
 3409    0    0    0
 3410    0    0    0
 3411    0    0    0
 3412    0    0    0
 3413    0    0    0
 3414    0    0    0
 3415    0    0    0
 3416    0    0    0
 3417    0    0    0
 3418    0    0    0
 3419    0    0    0
 3420    0    0    0
 3421    0    0    0
 3422    0    0    0
 3423    0    0    0
 3424    0    0    0
 3425    0    0    0
 3426    0    0    0
 3427    0    0    0
 3428    0    0    0
 3429    0    0    0
 3430    0    0    0
 3431    0    0    0
 3432    0    0    0
 3433    0    0    0
 3434    0    0    0
 3435    0    0    0
 3436    0    0    0
 3437    0    0    0
 3438    0    0    0
 3439    0    0    0
 3440    0    0    0
 3441    0    0    0
 3442    0    0    0
 3443    0    0    0
 3444    0    0    0
 3445    0    0    0
 3446    0    0    0
 3447    0    0    0
 3448    0    0    0
 3449    0    0    0
 3450    0    0    0
 3451    0    0    0
 3452    0    0    0
 3453    0    0    0
 3454    0    0    0
 3455    0    0    0
 3456    0    0    0
 3457    0    0    0
 3458    3    0    0
 3459    0    0    0
 3460    0    0    0
 3461    0    0    0
 3462    0    0    0
 3463    0    0    0
 3464    0    1    0
 3465    0    0    0
 3466    0    0    0
 3467    0    0    0
 3468    0    0    0
 3469    1    0    0
 3470    0    0    0
 3471    0    0    0
 3472    0    0    0
 3473    1    0    0
 3474    0    0    1
 3475    0    0    0
 3476    1    0    0
 3477    0    0    0
 3478    0    0    0
 3479    0    0    0
 3480    0    0    1
 3481    0    0    0
 3482    0    0    0
 3483    0    0    0
 3484    0    0    0
 3485    0    0    0
 3486    0    0    0
 3487    0    0    0
 3488    0    0    0
 3489    0    0    0
 3490    0    0    0
 3491    0    0    0
 3492    0    0    0
 3493    0    0    0
 3494    0    0    0
 3495    0    0    0
 3496    0    0    0
 3497    0    0    0
 3498    0    0    0
 3499    0    0    0
 3500    0    1    0
 3501    0    0    0
 3502    0    0    0
 3503    0    0    0
 3504    0    0    0
 3505    0    0    0
 3506    0    0    0
 3507    0    0    0
 3508    0    0    0
 3509    0    0    0
 3510    0    0    0
 3511    0    0    0
 3512    0    0    0
 3513    0    3    0
 3514    0    0    0
 3515    0    0    0
 3516    0    0    0
 3517    0    0    0
 3518    0    0    0
 3519    0    0    0
 3520    0    0    0
 3521    0    0    0
 3522    0    0    0
 3523    0    0    0
 3524    0    0    0
 3525    0    0    0
 3526    0    0    0
 3527    0    0    0
 3528    0    0    0
 3529    0    0    0
 3530    0    0    0
 3531    0    0    0
 3532    0    0    0
 3533    0    0    0
 3534    0    0    0
 3535    0    0    0
 3536    0    0    0
 3537    0    0    0
 3538    0    0    0
 3539    0    0    0
 3540    0    0    0
 3541    0    0    0
 3542    0    0    0
 3543    0    0    0
 3544    0    0    0
 3545    0    0    0
 3546    0    0    0
 3547    0    0    0
 3548    0    0    0
 3549    0    0    0
 3550    0    0    0
 3551    0    0    0
 3552    0    0    0
 3553    0    0    0
 3554    0    0    0
 3555    0    0    0
 3556    0    0    0
 3557    0    0    0
 3558    0    0    0
 3559    0    0    0
 3560    0    0    0
 3561    0    0    0
 3562    0    0    0
 3563    0    0    0
 3564    0    0    0
 3565    0    0    0
 3566    0    0    0
 3567    0    0    0
 3568    0    0    0
 3569    0    0    0
 3570    0    0    0
 3571    0    0    0
 3572    0    0    0
 3573    0    0    0
 3574    0    0    0
 3575    0    0    0
 3576    0    0    0
 3577    0    0    0
 3578    0    0    0
 3579    3    0    0
 3580    0    0    0
 3581    0    0    0
 3582    0    0    0
 3583    0    0    0
 3584    0    0    0
 3585    0    0    0
 3586    0    0    0
 3587    0    1    0
 3588    0    0    0
 3589    0    1    0
 3590    0    0    0
 3591    0    0    0
 3592    0    1    0
 3593    0    1    0
 3594    0    0    0
 3595    0    0    0
 3596    0    0    0
 3597    0    0    0
 3598    0    0    0
 3599    0    0    0
 3600    0    0    0
 3601    0    0    0
 3602    0    0    0
 3603    0    0    0
 3604    0    0    0
 3605    0    0    0
 3606    0    1    0
 3607    0    0    0
 3608    0    0    0
 3609    0    0    0
 3610    0    0    0
 3611    1    0    0
 3612    0    0    0
 3613    0    0    0
 3614    0    0    0
 3615    0    0    0
 3616    0    0    0
 3617    0    0    0
 3618    0    0    0
 3619    0    1    0
 3620    0    0    0
 3621    0    0    0
 3622    0    1    0
 3623    0    0    0
 3624    0    1    0
 3625    0    0    0
 3626    0    0    0
 3627    1    0    0
 3628    0    0    0
 3629    0    0    0
 3630    0    0    0
 3631    0    0    0
 3632    0    0    0
 3633    0    0    0
 3634    0    3    0
 3635    0    0    0
 3636    0    0    0
 3637    0    0    0
 3638    0    0    0
 3639    0    0    1
 3640    0    0    0
 3641    0    0    0
 3642    0    0    0
 3643    0    0    0
 3644    0    1    0
 3645    0    0    0
 3646    0    0    0
 3647    0    0    0
 3648    0    0    0
 3649    0    0    0
 3650    0    0    0
 3651    0    0    0
 3652    0    1    0
 3653    0    0    0
 3654    0    1    0
 3655    0    0    0
 3656    0    0    0
 3657    0    0    0
 3658    0    0    0
 3659    0    0    0
 3660    0    0    0
 3661    0    0    0
 3662    0    0    0
 3663    0    0    0
 3664    0    0    0
 3665    0    0    0
 3666    0    0    0
 3667    0    0    0
 3668    0    0    0
 3669    0    0    0
 3670    0    0    0
 3671    0    0    0
 3672    0    0    0
 3673    0    0    0
 3674    0    0    0
 3675    0    0    0
 3676    0    0    0
 3677    0    0    0
 3678    0    0    0
 3679    0    0    0
 3680    0    0    0
 3681    0    0    0
 3682    0    0    0
 3683    0    0    0
 3684    0    0    0
 3685    0    0    0
 3686    0    0    0
 3687    0    0    0
 3688    0    0    0
 3689    0    0    0
 3690    0    0    0
 3691    0    0    0
 3692    0    0    0
 3693    0    0    0
 3694    0    0    0
 3695    0    0    0
 3696    0    0    0
 3697    0    0    0
 3698    0    0    0
 3699    0    0    0
 3700    3    0    0
 3701    0    0    0
 3702    0    0    0
 3703    0    0    0
 3704    0    0    0
 3705    0    0    0
 3706    0    0    0
 3707    0    0    0
 3708    0    0    0
 3709    0    0    0
 3710    0    0    0
 3711    0    0    0
 3712    0    0    0
 3713    0    0    0
 3714    0    0    0
 3715    0    0    0
 3716    0    0    0
 3717    0    0    0
 3718    0    0    0
 3719    0    0    0
 3720    0    0    0
 3721    1    0    0
 3722    0    0    0
 3723    0    0    1
 3724    0    0    0
 3725    0    0    0
 3726    0    0    0
 3727    0    0    0
 3728    0    0    0
 3729    0    0    0
 3730    0    0    0
 3731    0    0    0
 3732    0    0    0
 3733    0    0    0
 3734    0    0    0
 3735    0    0    0
 3736    0    0    0
 3737    0    0    0
 3738    0    0    0
 3739    0    0    0
 3740    0    0    0
 3741    0    0    0
 3742    0    0    0
 3743    0    0    0
 3744    0    0    0
 3745    0    0    0
 3746    0    0    0
 3747    0    0    0
 3748    0    0    0
 3749    0    0    0
 3750    0    0    0
 3751    0    0    0
 3752    0    0    0
 3753    0    0    0
 3754    0    0    0
 3755    0    3    0
 3756    0    0    0
 3757    0    0    0
 3758    0    0    0
 3759    0    0    0
 3760    0    0    0
 3761    0    0    0
 3762    0    0    0
 3763    0    0    0
 3764    0    0    0
 3765    0    0    0
 3766    0    0    0
 3767    0    0    0
 3768    0    0    0
 3769    0    0    0
 3770    0    0    0
 3771    0    0    0
 3772    0    0    0
 3773    0    0    1
 3774    0    0    0
 3775    0    0    0
 3776    0    0    0
 3777    0    0    0
 3778    0    0    0
 3779    0    0    0
 3780    0    0    0
 3781    0    0    0
 3782    0    0    0
 3783    0    0    0
 3784    0    0    0
 3785    0    0    0
 3786    0    0    0
 3787    0    0    0
 3788    0    0    0
 3789    0    0    0
 3790    0    0    0
 3791    0    0    0
 3792    0    0    0
 3793    0    0    0
 3794    0    0    0
 3795    0    0    0
 3796    0    0    0
 3797    0    0    0
 3798    0    0    0
 3799    0    0    0
 3800    0    0    0
 3801    0    0    0
 3802    0    0    0
 3803    0    0    0
 3804    0    0    0
 3805    0    0    0
 3806    0    0    0
 3807    0    0    0
 3808    0    0    0
 3809    0    0    0
 3810    0    0    0
 3811    0    0    0
 3812    0    0    0
 3813    0    0    0
 3814    0    0    0
 3815    0    0    0
 3816    0    0    0
 3817    0    0    0
 3818    0    0    0
 3819    0    0    0
 3820    0    0    0
 3821    2    0    0
 3822    1    0    0
 3823    0    0    0
 3824    0    0    0
 3825    0    0    0
 3826    0    0    0
 3827    0    0    0
 3828    0    0    0
 3829    0    0    0
 3830    0    0    0
 3831    0    0    0
 3832    0    0    0
 3833    0    0    1
 3834    0    0    0
 3835    0    0    0
 3836    0    0    0
 3837    0    0    0
 3838    0    0    0
 3839    0    0    0
 3840    0    0    0
 3841    1    0    0
 3842    0    1    1
 3843    0    0    0
 3844    0    0    1
 3845    0    0    0
 3846    0    1    0
 3847    0    1    0
 3848    0    0    1
 3849    0    0    0
 3850    0    0    0
 3851    0    0    0
 3852    0    0    0
 3853    0    0    0
 3854    0    0    0
 3855    0    0    0
 3856    0    0    0
 3857    0    0    0
 3858    0    0    0
 3859    0    0    0
 3860    0    0    0
 3861    0    0    0
 3862    0    0    0
 3863    0    0    0
 3864    1    0    0
 3865    0    0    0
 3866    0    0    0
 3867    0    0    0
 3868    0    0    0
 3869    0    0    0
 3870    0    0    0
 3871    0    0    0
 3872    0    0    0
 3873    0    0    0
 3874    0    1    1
 3875    0    0    0
 3876    0    0    1
 3877    0    0    0
 3878    0    2    1
 3879    0    1    0
 3880    0    1    1
 3881    0    0    0
 3882    0    0    0
 3883    0    0    0
 3884    0    0    1
 3885    0    0    0
 3886    0    0    0
 3887    0    0    1
 3888    0    0    0
 3889    0    0    0
 3890    0    0    0
 3891    0    0    0
 3892    0    0    0
 3893    0    0    0
 3894    0    0    0
 3895    0    0    0
 3896    0    0    0
 3897    0    0    0
 3898    0    0    0
 3899    0    0    0
 3900    1    0    0
 3901    0    0    0
 3902    0    0    0
 3903    0    0    0
 3904    0    0    0
 3905    0    0    0
 3906    0    0    1
 3907    0    0    0
 3908    0    1    0
 3909    0    0    0
 3910    0    1    1
 3911    0    0    0
 3912    0    1    1
 3913    0    0    0
 3914    0    0    0
 3915    0    0    0
 3916    0    0    0
 3917    0    0    0
 3918    0    0    0
 3919    0    0    0
 3920    0    0    0
 3921    0    0    0
 3922    0    0    0
 3923    0    0    0
 3924    0    0    0
 3925    0    0    0
 3926    0    0    0
 3927    0    0    0
 3928    0    0    0
 3929    0    0    0
 3930    0    0    0
 3931    0    0    0
 3932    0    0    0
 3933    0    0    0
 3934    0    0    0
 3935    0    0    0
 3936    0    0    0
 3937    0    0    0
 3938    0    0    0
 3939    0    0    0
 3940    0    0    0
 3941    0    0    0
 3942    0    0    0
 3943    3    0    0
 3944    0    0    0
 3945    0    0    0
 3946    0    0    0
 3947    0    0    0
 3948    0    0    0
 3949    0    0    0
 3950    0    0    0
 3951    0    0    0
 3952    0    0    0
 3953    0    0    0
 3954    0    0    0
 3955    0    0    0
 3956    0    0    0
 3957    0    0    0
 3958    0    0    0
 3959    0    0    0
 3960    0    0    0
 3961    0    0    0
 3962    0    0    0
 3963    0    0    0
 3964    0    0    0
 3965    0    0    0
 3966    0    0    0
 3967    0    0    0
 3968    0    0    0
 3969    0    0    0
 3970    0    0    0
 3971    0    0    0
 3972    0    0    0
 3973    0    0    0
 3974    0    0    0
 3975    0    0    0
 3976    0    0    0
 3977    0    0    0
 3978    0    0    0
 3979    0    0    0
 3980    0    0    0
 3981    0    0    0
 3982    1    0    0
 3983    0    0    0
 3984    0    0    0
 3985    1    0    0
 3986    0    0    0
 3987    0    0    0
 3988    0    0    0
 3989    0    0    0
 3990    0    0    0
 3991    0    0    0
 3992    0    0    0
 3993    0    0    0
 3994    0    0    0
 3995    0    0    0
 3996    0    1    0
 3997    0    0    0
 3998    0    0    0
 3999    0    0    0
 4000    0    1    0
 4001    0    0    0
 4002    0    0    0
 4003    0    0    0
 4004    0    0    0
 4005    0    0    0
 4006    0    0    0
 4007    0    0    0
 4008    0    0    0
 4009    0    0    0
 4010    0    0    0
 4011    0    0    0
 4012    0    0    0
 4013    0    0    0
 4014    0    0    0
 4015    0    0    0
 4016    0    0    0
 4017    0    0    0
 4018    0    0    0
 4019    0    0    0
 4020    0    0    0
 4021    0    0    0
 4022    0    0    0
 4023    0    0    0
 4024    0    0    0
 4025    0    0    0
 4026    0    0    0
 4027    0    0    0
 4028    0    0    0
 4029    0    0    0
 4030    0    0    0
 4031    0    0    0
 4032    0    0    0
 4033    0    0    0
 4034    0    0    0
 4035    0    0    0
 4036    0    0    0
 4037    0    0    0
 4038    0    0    0
 4039    0    0    0
 4040    0    0    0
 4041    0    0    0
 4042    0    0    0
 4043    0    0    0
 4044    0    0    0
 4045    0    0    0
 4046    0    0    0
 4047    0    0    0
 4048    0    0    0
 4049    0    0    0
 4050    0    0    0
 4051    0    0    0
 4052    0    0    0
 4053    0    0    0
 4054    0    0    0
 4055    0    0    0
 4056    0    0    0
 4057    0    0    0
 4058    0    0    0
 4059    0    0    0
 4060    0    0    0
 4061    0    0    0
 4062    0    0    0
 4063    0    0    0
 4064    0    0    0
 4065    0    0    0
 4066    0    0    0
 4067    0    0    0
 4068    0    0    0
 4069    0    0    0
 4070    0    0    0
 4071    0    0    0
 4072    0    0    0
 4073    0    0    0
 4074    0    0    0
 4075    0    0    0
 4076    0    0    0
 4077    0    0    0
 4078    0    0    0
 4079    0    0    0
 4080    0    0    0
 4081    0    0    0
 4082    0    0    0
 4083    0    0    0
 4084    0    0    0
 4085    0    0    0
 4086    0    0    0
 4087    0    0    0
 4088    0    0    0
 4089    0    1    0
 4090    0    0    0
 4091    0    0    0
 4092    0    0    0
 4093    0    0    0
 4094    0    0    0
 4095    0    0    0
 4096    0    0    0
